Volume,Cumulative Fraction
114.57156539647156,0.00014757820903008154
114.57156539647156,0.00029515641806016307
114.57156539647156,0.0004427346270902446
114.57156539647156,0.0005903128361203261
114.57156539647156,0.0007378910451504077
114.57156539647156,0.0008854692541804892
114.57156539647156,0.0010330474632105706
114.57156539647156,0.0011806256722406523
114.57156539647156,0.001328203881270734
114.57156539647156,0.0014757820903008156
114.57156539647156,0.0016233602993308972
114.57156539647156,0.001770938508360979
121.52149623450454,0.0019274688369017837
121.52149623450454,0.0020839991654425885
121.52149623450454,0.0022405294939833935
121.52149623450454,0.002397059822524198
121.52149623450454,0.0025535901510650026
121.52149623450454,0.0027101204796058076
121.52149623450454,0.0028666508081466122
121.52149623450454,0.0030231811366874164
121.52149623450454,0.003179711465228221
121.52149623450454,0.0033362417937690255
121.52149623450454,0.00349277212230983
121.52149623450454,0.0036493024508506343
121.52149623450454,0.003805832779391439
121.52149623450454,0.003962363107932243
121.52149623450454,0.004118893436473048
121.52149623450454,0.004275423765013852
121.52149623450454,0.004431954093554657
121.52149623450454,0.004588484422095461
121.52149623450454,0.0047450147506362655
121.52149623450454,0.0049015450791770705
121.52149623450454,0.005058075407717875
121.52149623450454,0.005214605736258679
121.52149623450454,0.005371136064799484
121.52149623450454,0.005527666393340289
128.09490425753654,0.005692663847034756
128.09490425753654,0.005857661300729225
128.09490425753654,0.006022658754423693
128.09490425753654,0.0061876562081181604
128.09490425753654,0.006352653661812629
128.09490425753654,0.006517651115507096
128.09490425753654,0.006682648569201565
128.09490425753654,0.006847646022896033
128.09490425753654,0.0070126434765905
128.09490425753654,0.007177640930284969
128.09490425753654,0.007342638383979436
128.09490425753654,0.0075076358376739045
128.09490425753654,0.007672633291368372
128.09490425753654,0.007837630745062841
128.09490425753654,0.008002628198757309
128.09490425753654,0.008167625652451776
128.09490425753654,0.008332623106146244
128.09490425753654,0.008497620559840713
128.09490425753654,0.00866261801353518
128.09490425753654,0.008827615467229648
128.09490425753654,0.008992612920924117
128.09490425753654,0.009157610374618584
128.09490425753654,0.009322607828313052
128.09490425753654,0.00948760528200752
128.09490425753654,0.009652602735701989
128.09490425753654,0.009817600189396456
128.09490425753654,0.009982597643090924
128.09490425753654,0.010147595096785393
128.09490425753654,0.01031259255047986
128.09490425753654,0.010477590004174328
128.09490425753654,0.010642587457868795
128.09490425753654,0.010807584911563263
128.09490425753654,0.01097258236525773
128.09490425753654,0.011137579818952196
128.09490425753654,0.011302577272646663
128.09490425753654,0.01146757472634113
128.09490425753654,0.011632572180035597
128.09490425753654,0.011797569633730064
128.09490425753654,0.01196256708742453
128.09490425753654,0.012127564541118997
128.09490425753654,0.012292561994813465
128.09490425753654,0.01245755944850793
128.09490425753654,0.012622556902202398
128.09490425753654,0.012787554355896865
128.09490425753654,0.012952551809591331
128.09490425753654,0.013117549263285799
128.09490425753654,0.013282546716980264
128.09490425753654,0.013447544170674732
128.09490425753654,0.0136125416243692
128.09490425753654,0.013777539078063665
128.09490425753654,0.013942536531758132
128.09490425753654,0.014107533985452598
128.09490425753654,0.014272531439147066
128.09490425753654,0.014437528892841533
128.09490425753654,0.014602526346535999
128.09490425753654,0.014767523800230466
128.09490425753654,0.014932521253924934
134.34706899081272,0.015105572043285238
134.34706899081272,0.015278622832645541
134.34706899081272,0.015451673622005845
134.34706899081272,0.015624724411366147
134.34706899081272,0.015797775200726453
134.34706899081272,0.015970825990086757
134.34706899081272,0.01614387677944706
134.34706899081272,0.016316927568807364
134.34706899081272,0.016489978358167668
134.34706899081272,0.016663029147527972
140.3209371266346,0.01684377480216672
140.3209371266346,0.017024520456805466
140.3209371266346,0.017205266111444215
140.3209371266346,0.017386011766082964
140.3209371266346,0.017566757420721713
140.3209371266346,0.017747503075360462
140.3209371266346,0.01792824872999921
140.3209371266346,0.01810899438463796
140.3209371266346,0.01828974003927671
140.3209371266346,0.018470485693915455
140.3209371266346,0.018651231348554204
140.3209371266346,0.018831977003192953
140.3209371266346,0.0190127226578317
140.3209371266346,0.01919346831247045
140.3209371266346,0.0193742139671092
140.3209371266346,0.01955495962174795
140.3209371266346,0.019735705276386697
140.3209371266346,0.019916450931025443
140.3209371266346,0.020097196585664192
140.3209371266346,0.02027794224030294
140.3209371266346,0.02045868789494169
140.3209371266346,0.02063943354958044
140.3209371266346,0.020820179204219188
140.3209371266346,0.021000924858857937
140.3209371266346,0.021181670513496682
140.3209371266346,0.02136241616813543
140.3209371266346,0.02154316182277418
140.3209371266346,0.02172390747741293
140.3209371266346,0.021904653132051675
140.3209371266346,0.022085398786690424
140.3209371266346,0.022266144441329173
140.3209371266346,0.02244689009596792
140.3209371266346,0.02262763575060667
140.3209371266346,0.02280838140524542
140.3209371266346,0.02298912705988417
140.3209371266346,0.023169872714522918
140.3209371266346,0.023350618369161663
140.3209371266346,0.023531364023800412
140.3209371266346,0.02371210967843916
140.3209371266346,0.02389285533307791
140.3209371266346,0.02407360098771666
140.3209371266346,0.024254346642355408
140.3209371266346,0.024435092296994157
140.3209371266346,0.024615837951632906
140.3209371266346,0.02479658360627165
140.3209371266346,0.0249773292609104
140.3209371266346,0.02515807491554915
140.3209371266346,0.0253388205701879
140.3209371266346,0.025519566224826647
140.3209371266346,0.025700311879465396
140.3209371266346,0.025881057534104145
140.3209371266346,0.026061803188742894
140.3209371266346,0.02624254884338164
140.3209371266346,0.02642329449802039
140.3209371266346,0.026604040152659138
140.3209371266346,0.026784785807297887
140.3209371266346,0.026965531461936636
140.3209371266346,0.027146277116575385
140.3209371266346,0.027327022771214134
140.3209371266346,0.027507768425852883
140.3209371266346,0.027688514080491628
140.3209371266346,0.027869259735130377
140.3209371266346,0.028050005389769126
140.3209371266346,0.028230751044407875
140.3209371266346,0.028411496699046624
140.3209371266346,0.028592242353685373
140.3209371266346,0.028772988008324122
140.3209371266346,0.02895373366296287
140.3209371266346,0.029134479317601616
140.3209371266346,0.029315224972240365
140.3209371266346,0.029495970626879114
140.3209371266346,0.029676716281517863
140.3209371266346,0.029857461936156612
140.3209371266346,0.03003820759079536
140.3209371266346,0.03021895324543411
140.3209371266346,0.03039969890007286
140.3209371266346,0.030580444554711605
140.3209371266346,0.030761190209350354
140.3209371266346,0.030941935863989103
140.3209371266346,0.03112268151862785
140.3209371266346,0.0313034271732666
140.3209371266346,0.031484172827905346
140.3209371266346,0.031664918482544095
140.3209371266346,0.031845664137182844
140.3209371266346,0.03202640979182159
140.3209371266346,0.03220715544646034
140.3209371266346,0.03238790110109909
140.3209371266346,0.03256864675573784
140.3209371266346,0.03274939241037659
140.3209371266346,0.03293013806501534
151.56393467921853,0.03312536568502829
151.56393467921853,0.033320593305041245
151.56393467921853,0.033515820925054195
151.56393467921853,0.033711048545067145
151.56393467921853,0.0339062761650801
151.56393467921853,0.03410150378509305
151.56393467921853,0.03429673140510601
151.56393467921853,0.03449195902511896
151.56393467921853,0.03468718664513191
151.56393467921853,0.034882414265144865
151.56393467921853,0.035077641885157815
151.56393467921853,0.035272869505170765
151.56393467921853,0.03546809712518372
151.56393467921853,0.03566332474519667
151.56393467921853,0.03585855236520962
151.56393467921853,0.03605377998522258
151.56393467921853,0.03624900760523553
151.56393467921853,0.036444235225248485
151.56393467921853,0.036639462845261435
151.56393467921853,0.036834690465274385
151.56393467921853,0.03702991808528734
151.56393467921853,0.03722514570530029
151.56393467921853,0.03742037332531324
151.56393467921853,0.0376156009453262
151.56393467921853,0.03781082856533915
151.56393467921853,0.038006056185352105
151.56393467921853,0.038201283805365055
151.56393467921853,0.038396511425378005
151.56393467921853,0.03859173904539096
151.56393467921853,0.03878696666540391
151.56393467921853,0.03898219428541686
151.56393467921853,0.03917742190542982
151.56393467921853,0.03937264952544277
151.56393467921853,0.03956787714545572
151.56393467921853,0.039763104765468675
151.56393467921853,0.039958332385481625
151.56393467921853,0.04015356000549458
151.56393467921853,0.04034878762550753
151.56393467921853,0.04054401524552048
151.56393467921853,0.04073924286553344
151.56393467921853,0.04093447048554639
151.56393467921853,0.04112969810555934
151.56393467921853,0.041324925725572295
151.56393467921853,0.041520153345585245
151.56393467921853,0.0417153809655982
151.56393467921853,0.04191060858561115
151.56393467921853,0.0421058362056241
151.56393467921853,0.04230106382563706
151.56393467921853,0.04249629144565
151.56393467921853,0.04269151906566295
151.56393467921853,0.0428867466856759
151.56393467921853,0.043081974305688844
151.56393467921853,0.043277201925701794
151.56393467921853,0.043472429545714744
156.88357704081446,0.04367450933091971
156.88357704081446,0.04387658911612467
156.88357704081446,0.044078668901329644
156.88357704081446,0.04428074868653461
156.88357704081446,0.04448282847173957
156.88357704081446,0.044684908256944544
156.88357704081446,0.04488698804214951
156.88357704081446,0.04508906782735447
156.88357704081446,0.045291147612559444
156.88357704081446,0.04549322739776441
156.88357704081446,0.04569530718296937
156.88357704081446,0.045897386968174345
156.88357704081446,0.04609946675337931
156.88357704081446,0.04630154653858427
156.88357704081446,0.046503626323789245
156.88357704081446,0.04670570610899421
156.88357704081446,0.046907785894199173
156.88357704081446,0.047109865679404145
156.88357704081446,0.04731194546460911
156.88357704081446,0.047514025249814074
156.88357704081446,0.047716105035019045
156.88357704081446,0.04791818482022401
156.88357704081446,0.048120264605428974
156.88357704081446,0.048322344390633945
156.88357704081446,0.04852442417583891
156.88357704081446,0.048726503961043874
156.88357704081446,0.048928583746248845
156.88357704081446,0.04913066353145381
156.88357704081446,0.049332743316658774
156.88357704081446,0.04953482310186374
156.88357704081446,0.04973690288706871
156.88357704081446,0.049938982672273674
156.88357704081446,0.05014106245747864
156.88357704081446,0.05034314224268361
156.88357704081446,0.050545222027888574
156.88357704081446,0.05074730181309354
156.88357704081446,0.05094938159829851
156.88357704081446,0.051151461383503474
156.88357704081446,0.05135354116870844
156.88357704081446,0.05155562095391341
156.88357704081446,0.051757700739118374
156.88357704081446,0.05195978052432334
156.88357704081446,0.05216186030952831
156.88357704081446,0.052363940094733274
156.88357704081446,0.05256601987993824
156.88357704081446,0.05276809966514321
156.88357704081446,0.052970179450348175
156.88357704081446,0.05317225923555314
156.88357704081446,0.05337433902075811
156.88357704081446,0.053576418805963075
156.88357704081446,0.05377849859116804
156.88357704081446,0.05398057837637301
156.88357704081446,0.054182658161577975
156.88357704081446,0.05438473794678294
156.88357704081446,0.05458681773198791
156.88357704081446,0.054788897517192875
156.88357704081446,0.05499097730239784
156.88357704081446,0.055193057087602804
156.88357704081446,0.055395136872807775
156.88357704081446,0.05559721665801274
156.88357704081446,0.055799296443217704
156.88357704081446,0.056001376228422675
156.88357704081446,0.05620345601362764
156.88357704081446,0.056405535798832604
156.88357704081446,0.056607615584037575
156.88357704081446,0.05680969536924254
156.88357704081446,0.057011775154447504
156.88357704081446,0.057213854939652475
156.88357704081446,0.05741593472485744
156.88357704081446,0.057618014510062404
156.88357704081446,0.057820094295267375
156.88357704081446,0.05802217408047234
162.02866164600607,0.058230881185193414
162.02866164600607,0.05843958828991449
162.02866164600607,0.05864829539463556
162.02866164600607,0.05885700249935664
162.02866164600607,0.05906570960407771
162.02866164600607,0.05927441670879879
162.02866164600607,0.05948312381351986
162.02866164600607,0.059691830918240936
162.02866164600607,0.05990053802296201
162.02866164600607,0.060109245127683085
162.02866164600607,0.06031795223240415
162.02866164600607,0.06052665933712523
162.02866164600607,0.0607353664418463
162.02866164600607,0.060944073546567376
162.02866164600607,0.06115278065128845
162.02866164600607,0.061361487756009525
162.02866164600607,0.0615701948607306
162.02866164600607,0.061778901965451674
162.02866164600607,0.06198760907017275
162.02866164600607,0.06219631617489382
162.02866164600607,0.0624050232796149
162.02866164600607,0.06261373038433597
162.02866164600607,0.06282243748905704
162.02866164600607,0.06303114459377812
162.02866164600607,0.06323985169849919
162.02866164600607,0.06344855880322027
162.02866164600607,0.06365726590794134
162.02866164600607,0.06386597301266242
162.02866164600607,0.06407468011738349
162.02866164600607,0.06428338722210457
162.02866164600607,0.06449209432682564
162.02866164600607,0.06470080143154672
162.02866164600607,0.06490950853626778
162.02866164600607,0.06511821564098887
162.02866164600607,0.06532692274570993
162.02866164600607,0.06553562985043102
162.02866164600607,0.06574433695515208
162.02866164600607,0.06595304405987316
162.02866164600607,0.06616175116459423
162.02866164600607,0.06637045826931531
162.02866164600607,0.06657916537403638
162.02866164600607,0.06678787247875746
162.02866164600607,0.06699657958347853
162.02866164600607,0.0672052866881996
162.02866164600607,0.06741399379292068
162.02866164600607,0.06762270089764175
162.02866164600607,0.06783140800236283
162.02866164600607,0.0680401151070839
162.02866164600607,0.06824882221180498
162.02866164600607,0.06845752931652604
162.02866164600607,0.06866623642124713
162.02866164600607,0.0688749435259682
162.02866164600607,0.06908365063068928
162.02866164600607,0.06929235773541034
162.02866164600607,0.06950106484013142
162.02866164600607,0.06970977194485249
162.02866164600607,0.06991847904957357
162.02866164600607,0.07012718615429464
162.02866164600607,0.07033589325901572
162.02866164600607,0.07054460036373679
162.02866164600607,0.07075330746845787
162.02866164600607,0.07096201457317894
162.02866164600607,0.07117072167790002
162.02866164600607,0.07137942878262109
162.02866164600607,0.07158813588734217
162.02866164600607,0.07179684299206324
162.02866164600607,0.0720055500967843
162.02866164600607,0.07221425720150539
162.02866164600607,0.07242296430622645
162.02866164600607,0.07263167141094753
162.02866164600607,0.0728403785156686
162.02866164600607,0.07304908562038968
162.02866164600607,0.07325779272511075
162.02866164600607,0.07346649982983183
162.02866164600607,0.0736752069345529
162.02866164600607,0.07388391403927398
162.02866164600607,0.07409262114399505
162.02866164600607,0.07430132824871613
162.02866164600607,0.0745100353534372
162.02866164600607,0.07471874245815828
162.02866164600607,0.07492744956287935
162.02866164600607,0.07513615666760043
162.02866164600607,0.0753448637723215
162.02866164600607,0.07555357087704258
162.02866164600607,0.07576227798176365
167.015321585987,0.07597740834115911
167.015321585987,0.07619253870055456
167.015321585987,0.07640766905995003
167.015321585987,0.0766227994193455
167.015321585987,0.07683792977874096
167.015321585987,0.07705306013813641
167.015321585987,0.07726819049753188
167.015321585987,0.07748332085692734
167.015321585987,0.0776984512163228
167.015321585987,0.07791358157571826
167.015321585987,0.07812871193511373
167.015321585987,0.07834384229450918
167.015321585987,0.07855897265390464
167.015321585987,0.07877410301330011
167.015321585987,0.07898923337269556
167.015321585987,0.07920436373209103
167.015321585987,0.07941949409148649
167.015321585987,0.07963462445088194
167.015321585987,0.07984975481027741
167.015321585987,0.08006488516967288
167.015321585987,0.08028001552906833
167.015321585987,0.08049514588846379
167.015321585987,0.08071027624785926
167.015321585987,0.08092540660725472
167.015321585987,0.08114053696665018
167.015321585987,0.08135566732604564
167.015321585987,0.08157079768544111
167.015321585987,0.08178592804483656
167.015321585987,0.08200105840423202
167.015321585987,0.08221618876362749
167.015321585987,0.08243131912302294
167.015321585987,0.08264644948241841
167.015321585987,0.08286157984181387
167.015321585987,0.08307671020120933
167.015321585987,0.08329184056060479
167.015321585987,0.08350697092000026
167.015321585987,0.08372210127939571
167.015321585987,0.08393723163879117
167.015321585987,0.08415236199818664
167.015321585987,0.0843674923575821
167.015321585987,0.08458262271697756
167.015321585987,0.08479775307637301
167.015321585987,0.08501288343576847
167.015321585987,0.08522801379516394
167.015321585987,0.08544314415455939
167.015321585987,0.08565827451395486
167.015321585987,0.08587340487335032
167.015321585987,0.08608853523274577
167.015321585987,0.08630366559214124
167.015321585987,0.0865187959515367
167.015321585987,0.08673392631093216
167.015321585987,0.08694905667032762
167.015321585987,0.08716418702972309
167.015321585987,0.08737931738911854
167.015321585987,0.087594447748514
167.015321585987,0.08780957810790947
167.015321585987,0.08802470846730494
167.015321585987,0.08823983882670039
167.015321585987,0.08845496918609586
167.015321585987,0.08867009954549132
167.015321585987,0.08888522990488677
167.015321585987,0.08910036026428224
167.015321585987,0.0893154906236777
167.015321585987,0.08953062098307316
167.015321585987,0.08974575134246862
167.015321585987,0.08996088170186409
171.85734809470733,0.09018224901540921
171.85734809470733,0.09040361632895433
171.85734809470733,0.09062498364249946
171.85734809470733,0.09084635095604458
171.85734809470733,0.0910677182695897
171.85734809470733,0.09128908558313482
171.85734809470733,0.09151045289667996
171.85734809470733,0.09173182021022508
171.85734809470733,0.0919531875237702
171.85734809470733,0.09217455483731532
171.85734809470733,0.09239592215086045
171.85734809470733,0.09261728946440557
171.85734809470733,0.0928386567779507
171.85734809470733,0.09306002409149583
171.85734809470733,0.09328139140504095
171.85734809470733,0.09350275871858607
171.85734809470733,0.09372412603213119
171.85734809470733,0.09394549334567633
171.85734809470733,0.09416686065922145
171.85734809470733,0.09438822797276657
171.85734809470733,0.09460959528631169
171.85734809470733,0.09483096259985682
171.85734809470733,0.09505232991340194
171.85734809470733,0.09527369722694706
171.85734809470733,0.09549506454049218
171.85734809470733,0.09571643185403732
171.85734809470733,0.09593779916758244
171.85734809470733,0.09615916648112756
171.85734809470733,0.0963805337946727
171.85734809470733,0.09660190110821781
171.85734809470733,0.09682326842176293
171.85734809470733,0.09704463573530805
171.85734809470733,0.09726600304885319
171.85734809470733,0.09748737036239831
171.85734809470733,0.09770873767594343
171.85734809470733,0.09793010498948855
171.85734809470733,0.09815147230303368
171.85734809470733,0.0983728396165788
171.85734809470733,0.09859420693012393
171.85734809470733,0.09881557424366906
171.85734809470733,0.09903694155721418
171.85734809470733,0.0992583088707593
171.85734809470733,0.09947967618430442
171.85734809470733,0.09970104349784956
171.85734809470733,0.09992241081139468
171.85734809470733,0.1001437781249398
171.85734809470733,0.10036514543848492
171.85734809470733,0.10058651275203005
171.85734809470733,0.10080788006557517
171.85734809470733,0.1010292473791203
171.85734809470733,0.10125061469266543
171.85734809470733,0.10147198200621055
171.85734809470733,0.10169334931975567
171.85734809470733,0.10191471663330079
171.85734809470733,0.10213608394684592
171.85734809470733,0.10235745126039104
171.85734809470733,0.10257881857393616
171.85734809470733,0.10280018588748129
171.85734809470733,0.10302155320102642
171.85734809470733,0.10324292051457154
171.85734809470733,0.10346428782811666
171.85734809470733,0.1036856551416618
171.85734809470733,0.10390702245520692
171.85734809470733,0.10412838976875204
171.85734809470733,0.10434975708229716
171.85734809470733,0.10457112439584229
171.85734809470733,0.10479249170938741
171.85734809470733,0.10501385902293253
171.85734809470733,0.10523522633647765
171.85734809470733,0.10545659365002279
171.85734809470733,0.10567796096356791
171.85734809470733,0.10589932827711303
171.85734809470733,0.10612069559065815
171.85734809470733,0.10634206290420328
171.85734809470733,0.1065634302177484
171.85734809470733,0.10678479753129352
171.85734809470733,0.10700616484483866
171.85734809470733,0.10722753215838378
171.85734809470733,0.1074488994719289
176.56664051802125,0.10767633276649843
181.15355087189127,0.10790967440327018
181.15355087189127,0.10814301604004194
181.15355087189127,0.10837635767681368
181.15355087189127,0.10860969931358543
181.15355087189127,0.10884304095035717
181.15355087189127,0.10907638258712893
181.15355087189127,0.10930972422390067
181.15355087189127,0.10954306586067242
181.15355087189127,0.10977640749744416
181.15355087189127,0.11000974913421592
181.15355087189127,0.11024309077098766
181.15355087189127,0.11047643240775941
181.15355087189127,0.11070977404453117
181.15355087189127,0.11094311568130291
181.15355087189127,0.11117645731807466
181.15355087189127,0.1114097989548464
181.15355087189127,0.11164314059161816
181.15355087189127,0.1118764822283899
181.15355087189127,0.11210982386516165
181.15355087189127,0.11234316550193339
181.15355087189127,0.11257650713870515
181.15355087189127,0.1128098487754769
181.15355087189127,0.11304319041224864
181.15355087189127,0.1132765320490204
181.15355087189127,0.11350987368579214
181.15355087189127,0.11374321532256389
181.15355087189127,0.11397655695933563
181.15355087189127,0.11420989859610739
181.15355087189127,0.11444324023287913
181.15355087189127,0.11467658186965088
181.15355087189127,0.11490992350642262
181.15355087189127,0.11514326514319438
181.15355087189127,0.11537660677996613
181.15355087189127,0.11560994841673787
181.15355087189127,0.11584329005350963
181.15355087189127,0.11607663169028137
181.15355087189127,0.11630997332705312
181.15355087189127,0.11654331496382486
181.15355087189127,0.11677665660059662
181.15355087189127,0.11700999823736837
181.15355087189127,0.11724333987414011
181.15355087189127,0.11747668151091187
181.15355087189127,0.11771002314768361
181.15355087189127,0.11794336478445536
181.15355087189127,0.1181767064212271
181.15355087189127,0.11841004805799886
185.62715168630274,0.1186491520843637
185.62715168630274,0.11888825611072856
185.62715168630274,0.11912736013709341
185.62715168630274,0.11936646416345825
185.62715168630274,0.11960556818982311
185.62715168630274,0.11984467221618796
185.62715168630274,0.12008377624255281
185.62715168630274,0.12032288026891766
185.62715168630274,0.12056198429528252
185.62715168630274,0.12080108832164736
185.62715168630274,0.12104019234801222
185.62715168630274,0.12127929637437707
185.62715168630274,0.12151840040074192
185.62715168630274,0.12175750442710677
185.62715168630274,0.12199660845347163
185.62715168630274,0.12223571247983647
185.62715168630274,0.12247481650620133
185.62715168630274,0.12271392053256618
185.62715168630274,0.12295302455893103
185.62715168630274,0.12319212858529588
185.62715168630274,0.12343123261166072
185.62715168630274,0.12367033663802558
185.62715168630274,0.12390944066439043
185.62715168630274,0.12414854469075529
185.62715168630274,0.12438764871712013
185.62715168630274,0.12462675274348499
185.62715168630274,0.12486585676984983
185.62715168630274,0.1251049607962147
185.62715168630274,0.12534406482257954
185.62715168630274,0.12558316884894438
185.62715168630274,0.12582227287530925
185.62715168630274,0.1260613769016741
185.62715168630274,0.12630048092803894
185.62715168630274,0.1265395849544038
185.62715168630274,0.12677868898076866
185.62715168630274,0.1270177930071335
185.62715168630274,0.12725689703349835
185.62715168630274,0.1274960010598632
185.62715168630274,0.12773510508622804
185.62715168630274,0.1279742091125929
185.62715168630274,0.12821331313895776
185.62715168630274,0.1284524171653226
185.62715168630274,0.12869152119168745
185.62715168630274,0.12893062521805232
185.62715168630274,0.12916972924441716
185.62715168630274,0.129408833270782
185.62715168630274,0.12964793729714685
185.62715168630274,0.12988704132351173
185.62715168630274,0.13012614534987657
185.62715168630274,0.13036524937624142
185.62715168630274,0.13060435340260626
185.62715168630274,0.13084345742897113
185.62715168630274,0.13108256145533598
185.62715168630274,0.13132166548170082
185.62715168630274,0.13156076950806567
185.62715168630274,0.1317998735344305
185.62715168630274,0.13203897756079538
185.62715168630274,0.13227808158716023
185.62715168630274,0.13251718561352507
189.9954470318812,0.13276191638681778
189.9954470318812,0.13300664716011049
189.9954470318812,0.1332513779334032
189.9954470318812,0.1334961087066959
189.9954470318812,0.1337408394799886
189.9954470318812,0.1339855702532813
189.9954470318812,0.13423030102657402
189.9954470318812,0.13447503179986672
189.9954470318812,0.13471976257315943
189.9954470318812,0.13496449334645214
189.9954470318812,0.13520922411974481
189.9954470318812,0.13545395489303752
189.9954470318812,0.13569868566633023
189.9954470318812,0.13594341643962293
189.9954470318812,0.13618814721291564
189.9954470318812,0.13643287798620835
189.9954470318812,0.13667760875950105
189.9954470318812,0.13692233953279376
189.9954470318812,0.13716707030608646
189.9954470318812,0.13741180107937917
189.9954470318812,0.13765653185267188
189.9954470318812,0.13790126262596458
189.9954470318812,0.1381459933992573
189.9954470318812,0.13839072417255
189.9954470318812,0.1386354549458427
189.9954470318812,0.1388801857191354
189.9954470318812,0.13912491649242809
189.9954470318812,0.1393696472657208
189.9954470318812,0.1396143780390135
189.9954470318812,0.1398591088123062
189.9954470318812,0.1401038395855989
189.9954470318812,0.14034857035889162
189.9954470318812,0.14059330113218432
189.9954470318812,0.14083803190547703
189.9954470318812,0.14108276267876974
189.9954470318812,0.14132749345206244
189.9954470318812,0.14157222422535515
189.9954470318812,0.14181695499864785
189.9954470318812,0.14206168577194056
189.9954470318812,0.14230641654523327
189.9954470318812,0.14255114731852597
189.9954470318812,0.14279587809181868
189.9954470318812,0.14304060886511136
189.9954470318812,0.14328533963840406
189.9954470318812,0.14353007041169677
189.9954470318812,0.14377480118498948
189.9954470318812,0.14401953195828218
189.9954470318812,0.1442642627315749
189.9954470318812,0.1445089935048676
189.9954470318812,0.1447537242781603
189.9954470318812,0.144998455051453
194.26554080052162,0.14524868607944316
194.26554080052162,0.14549891710743335
194.26554080052162,0.1457491481354235
194.26554080052162,0.14599937916341366
194.26554080052162,0.14624961019140384
194.26554080052162,0.146499841219394
194.26554080052162,0.14675007224738415
194.26554080052162,0.14700030327537433
194.26554080052162,0.1472505343033645
194.26554080052162,0.14750076533135464
194.26554080052162,0.14775099635934483
194.26554080052162,0.14800122738733498
194.26554080052162,0.14825145841532514
194.26554080052162,0.1485016894433153
194.26554080052162,0.14875192047130548
194.26554080052162,0.14900215149929563
194.26554080052162,0.1492523825272858
194.26554080052162,0.14950261355527597
194.26554080052162,0.14975284458326613
194.26554080052162,0.15000307561125628
194.26554080052162,0.15025330663924646
194.26554080052162,0.15050353766723662
194.26554080052162,0.15075376869522678
194.26554080052162,0.15100399972321696
194.26554080052162,0.1512542307512071
194.26554080052162,0.15150446177919727
194.26554080052162,0.15175469280718745
194.26554080052162,0.1520049238351776
194.26554080052162,0.15225515486316776
194.26554080052162,0.15250538589115795
194.26554080052162,0.1527556169191481
194.26554080052162,0.15300584794713826
194.26554080052162,0.15325607897512844
194.26554080052162,0.1535063100031186
194.26554080052162,0.15375654103110875
194.26554080052162,0.15400677205909893
194.26554080052162,0.1542570030870891
194.26554080052162,0.15450723411507924
194.26554080052162,0.15475746514306943
194.26554080052162,0.15500769617105958
194.26554080052162,0.15525792719904974
194.26554080052162,0.15550815822703992
194.26554080052162,0.15575838925503008
194.26554080052162,0.15600862028302023
194.26554080052162,0.1562588513110104
194.26554080052162,0.15650908233900057
194.26554080052162,0.15675931336699073
194.26554080052162,0.15700954439498088
194.26554080052162,0.15725977542297107
194.26554080052162,0.15751000645096122
194.26554080052162,0.15776023747895138
194.26554080052162,0.15801046850694156
194.26554080052162,0.15826069953493171
194.26554080052162,0.15851093056292187
194.26554080052162,0.15876116159091205
194.26554080052162,0.1590113926189022
194.26554080052162,0.15926162364689236
194.26554080052162,0.15951185467488255
194.26554080052162,0.1597620857028727
194.26554080052162,0.16001231673086286
194.26554080052162,0.16026254775885304
194.26554080052162,0.1605127787868432
194.26554080052162,0.16076300981483335
194.26554080052162,0.16101324084282354
194.26554080052162,0.1612634718708137
194.26554080052162,0.16151370289880385
194.26554080052162,0.16176393392679403
194.26554080052162,0.16201416495478418
194.26554080052162,0.16226439598277434
194.26554080052162,0.16251462701076452
194.26554080052162,0.16276485803875468
194.26554080052162,0.16301508906674483
194.26554080052162,0.16326532009473502
194.26554080052162,0.16351555112272517
194.26554080052162,0.16376578215071533
194.26554080052162,0.16401601317870548
194.26554080052162,0.16426624420669567
194.26554080052162,0.16451647523468582
194.26554080052162,0.16476670626267598
194.26554080052162,0.16501693729066616
194.26554080052162,0.16526716831865632
194.26554080052162,0.16551739934664647
198.443772369389,0.1657730123027766
198.443772369389,0.16602862525890671
198.443772369389,0.16628423821503682
198.443772369389,0.16653985117116696
198.443772369389,0.16679546412729707
198.443772369389,0.16705107708342717
198.443772369389,0.16730669003955728
198.443772369389,0.16756230299568742
198.443772369389,0.16781791595181753
198.443772369389,0.16807352890794763
198.443772369389,0.16832914186407774
198.443772369389,0.16858475482020788
198.443772369389,0.16884036777633799
198.443772369389,0.1690959807324681
198.443772369389,0.16935159368859823
198.443772369389,0.16960720664472834
198.443772369389,0.16986281960085844
198.443772369389,0.17011843255698855
198.443772369389,0.1703740455131187
198.443772369389,0.1706296584692488
198.443772369389,0.1708852714253789
198.443772369389,0.171140884381509
198.443772369389,0.17139649733763915
198.443772369389,0.17165211029376926
198.443772369389,0.17190772324989936
198.443772369389,0.1721633362060295
198.443772369389,0.1724189491621596
198.443772369389,0.17267456211828972
198.443772369389,0.17293017507441982
198.443772369389,0.17318578803054996
198.443772369389,0.17344140098668007
198.443772369389,0.17369701394281017
198.443772369389,0.17395262689894028
198.443772369389,0.17420823985507042
198.443772369389,0.17446385281120053
198.443772369389,0.17471946576733063
198.443772369389,0.17497507872346077
198.443772369389,0.17523069167959088
198.443772369389,0.17548630463572099
198.443772369389,0.1757419175918511
198.443772369389,0.17599753054798123
198.443772369389,0.17625314350411134
198.443772369389,0.17650875646024144
198.443772369389,0.17676436941637155
198.443772369389,0.1770199823725017
198.443772369389,0.1772755953286318
198.443772369389,0.1775312082847619
198.443772369389,0.17778682124089204
198.443772369389,0.17804243419702215
198.443772369389,0.17829804715315226
198.443772369389,0.17855366010928236
198.443772369389,0.1788092730654125
198.443772369389,0.1790648860215426
198.443772369389,0.17932049897767272
198.443772369389,0.17957611193380285
198.443772369389,0.17983172488993296
198.443772369389,0.18008733784606307
198.443772369389,0.18034295080219317
198.443772369389,0.1805985637583233
198.443772369389,0.18085417671445342
198.443772369389,0.18110978967058353
198.443772369389,0.18136540262671363
198.443772369389,0.18162101558284377
198.443772369389,0.18187662853897388
198.443772369389,0.18213224149510399
198.443772369389,0.18238785445123412
198.443772369389,0.18264346740736423
198.443772369389,0.18289908036349434
198.443772369389,0.18315469331962445
198.443772369389,0.18341030627575458
198.443772369389,0.1836659192318847
198.443772369389,0.1839215321880148
198.443772369389,0.1841771451441449
198.443772369389,0.18443275810027504
198.443772369389,0.18468837105640515
198.443772369389,0.18494398401253526
198.443772369389,0.1851995969686654
198.443772369389,0.1854552099247955
198.443772369389,0.1857108228809256
198.443772369389,0.18596643583705572
198.443772369389,0.18622204879318585
198.443772369389,0.18647766174931596
198.443772369389,0.18673327470544607
198.443772369389,0.18698888766157618
198.443772369389,0.1872445006177063
198.443772369389,0.18750011357383642
198.443772369389,0.18775572652996653
198.443772369389,0.18801133948609666
198.443772369389,0.18826695244222677
198.443772369389,0.18852256539835688
198.443772369389,0.188778178354487
198.443772369389,0.18903379131061712
202.5358270575076,0.18929467519151844
202.5358270575076,0.18955555907241975
202.5358270575076,0.1898164429533211
202.5358270575076,0.1900773268342224
202.5358270575076,0.19033821071512375
202.5358270575076,0.19059909459602506
202.5358270575076,0.19085997847692637
202.5358270575076,0.19112086235782771
202.5358270575076,0.19138174623872903
202.5358270575076,0.19164263011963034
202.5358270575076,0.19190351400053168
202.5358270575076,0.192164397881433
202.5358270575076,0.19242528176233434
202.5358270575076,0.19268616564323565
202.5358270575076,0.19294704952413697
202.5358270575076,0.1932079334050383
202.5358270575076,0.19346881728593962
202.5358270575076,0.19372970116684093
202.5358270575076,0.19399058504774228
202.5358270575076,0.1942514689286436
202.5358270575076,0.19451235280954493
202.5358270575076,0.19477323669044624
202.5358270575076,0.19503412057134756
202.5358270575076,0.1952950044522489
202.5358270575076,0.1955558883331502
202.5358270575076,0.19581677221405153
206.54682687357692,0.1960828226139511
206.54682687357692,0.19634887301385065
206.54682687357692,0.19661492341375023
206.54682687357692,0.19688097381364977
206.54682687357692,0.19714702421354935
206.54682687357692,0.1974130746134489
206.54682687357692,0.19767912501334847
206.54682687357692,0.19794517541324805
206.54682687357692,0.1982112258131476
206.54682687357692,0.19847727621304717
206.54682687357692,0.19874332661294672
206.54682687357692,0.1990093770128463
206.54682687357692,0.19927542741274584
206.54682687357692,0.19954147781264542
206.54682687357692,0.19980752821254497
206.54682687357692,0.20007357861244454
206.54682687357692,0.2003396290123441
206.54682687357692,0.20060567941224366
206.54682687357692,0.2008717298121432
206.54682687357692,0.2011377802120428
206.54682687357692,0.20140383061194234
206.54682687357692,0.2016698810118419
206.54682687357692,0.20193593141174146
206.54682687357692,0.20220198181164104
206.54682687357692,0.20246803221154058
206.54682687357692,0.20273408261144016
206.54682687357692,0.2030001330113397
206.54682687357692,0.20326618341123928
206.54682687357692,0.20353223381113883
206.54682687357692,0.2037982842110384
206.54682687357692,0.20406433461093798
206.54682687357692,0.20433038501083753
206.54682687357692,0.2045964354107371
206.54682687357692,0.20486248581063665
206.54682687357692,0.20512853621053623
206.54682687357692,0.20539458661043578
206.54682687357692,0.20566063701033535
206.54682687357692,0.2059266874102349
206.54682687357692,0.20619273781013447
206.54682687357692,0.20645878821003402
206.54682687357692,0.2067248386099336
206.54682687357692,0.20699088900983315
206.54682687357692,0.20725693940973272
206.54682687357692,0.20752298980963227
206.54682687357692,0.20778904020953184
206.54682687357692,0.2080550906094314
206.54682687357692,0.20832114100933097
206.54682687357692,0.20858719140923052
206.54682687357692,0.2088532418091301
206.54682687357692,0.20911929220902964
206.54682687357692,0.20938534260892921
206.54682687357692,0.20965139300882876
206.54682687357692,0.20991744340872834
206.54682687357692,0.2101834938086279
206.54682687357692,0.21044954420852746
206.54682687357692,0.21071559460842704
206.54682687357692,0.21098164500832658
206.54682687357692,0.21124769540822616
206.54682687357692,0.2115137458081257
206.54682687357692,0.21177979620802528
206.54682687357692,0.21204584660792483
206.54682687357692,0.2123118970078244
206.54682687357692,0.21257794740772396
206.54682687357692,0.21284399780762353
206.54682687357692,0.21311004820752308
206.54682687357692,0.21337609860742265
206.54682687357692,0.2136421490073222
206.54682687357692,0.21390819940722178
206.54682687357692,0.21417424980712133
206.54682687357692,0.2144403002070209
206.54682687357692,0.21470635060692045
210.48140568995188,0.2149774690888786
210.48140568995188,0.21524858757083673
210.48140568995188,0.21551970605279486
210.48140568995188,0.215790824534753
210.48140568995188,0.21606194301671114
210.48140568995188,0.2163330614986693
210.48140568995188,0.21660417998062742
210.48140568995188,0.21687529846258555
210.48140568995188,0.2171464169445437
210.48140568995188,0.21741753542650183
210.48140568995188,0.21768865390845996
210.48140568995188,0.2179597723904181
210.48140568995188,0.21823089087237624
210.48140568995188,0.21850200935433436
210.48140568995188,0.21877312783629252
210.48140568995188,0.21904424631825065
210.48140568995188,0.21931536480020877
210.48140568995188,0.21958648328216693
210.48140568995188,0.21985760176412505
210.48140568995188,0.2201287202460832
210.48140568995188,0.22039983872804134
210.48140568995188,0.22067095720999946
210.48140568995188,0.22094207569195762
210.48140568995188,0.22121319417391574
210.48140568995188,0.22148431265587387
210.48140568995188,0.22175543113783203
210.48140568995188,0.22202654961979015
210.48140568995188,0.22229766810174828
210.48140568995188,0.22256878658370643
210.48140568995188,0.22283990506566456
210.48140568995188,0.2231110235476227
210.48140568995188,0.22338214202958084
210.48140568995188,0.22365326051153897
210.48140568995188,0.22392437899349713
210.48140568995188,0.22419549747545525
210.48140568995188,0.22446661595741338
210.48140568995188,0.22473773443937153
210.48140568995188,0.22500885292132966
210.48140568995188,0.2252799714032878
210.48140568995188,0.22555108988524594
210.48140568995188,0.22582220836720407
210.48140568995188,0.2260933268491622
210.48140568995188,0.22636444533112035
210.48140568995188,0.22663556381307848
210.48140568995188,0.2269066822950366
210.48140568995188,0.22717780077699476
210.48140568995188,0.2274489192589529
210.48140568995188,0.22772003774091104
210.48140568995188,0.22799115622286917
210.48140568995188,0.2282622747048273
210.48140568995188,0.22853339318678545
210.48140568995188,0.22880451166874358
210.48140568995188,0.2290756301507017
210.48140568995188,0.22934674863265986
210.48140568995188,0.22961786711461799
210.48140568995188,0.2298889855965761
210.48140568995188,0.23016010407853427
210.48140568995188,0.2304312225604924
210.48140568995188,0.23070234104245052
210.48140568995188,0.23097345952440868
210.48140568995188,0.2312445780063668
210.48140568995188,0.23151569648832496
214.34377198998075,0.23179179003629707
214.34377198998075,0.23206788358426922
214.34377198998075,0.23234397713224136
214.34377198998075,0.23262007068021348
214.34377198998075,0.23289616422818563
214.34377198998075,0.23317225777615777
214.34377198998075,0.23344835132412992
214.34377198998075,0.23372444487210203
214.34377198998075,0.23400053842007418
214.34377198998075,0.23427663196804632
214.34377198998075,0.23455272551601847
214.34377198998075,0.23482881906399058
214.34377198998075,0.23510491261196273
214.34377198998075,0.23538100615993487
214.34377198998075,0.235657099707907
214.34377198998075,0.23593319325587914
214.34377198998075,0.23620928680385128
214.34377198998075,0.23648538035182343
214.34377198998075,0.23676147389979554
214.34377198998075,0.2370375674477677
214.34377198998075,0.23731366099573983
214.34377198998075,0.23758975454371195
214.34377198998075,0.2378658480916841
214.34377198998075,0.23814194163965624
214.34377198998075,0.23841803518762839
214.34377198998075,0.2386941287356005
214.34377198998075,0.23897022228357265
214.34377198998075,0.2392463158315448
214.34377198998075,0.23952240937951694
214.34377198998075,0.23979850292748905
214.34377198998075,0.2400745964754612
214.34377198998075,0.24035069002343334
214.34377198998075,0.24062678357140546
214.34377198998075,0.2409028771193776
214.34377198998075,0.24117897066734975
214.34377198998075,0.2414550642153219
214.34377198998075,0.241731157763294
214.34377198998075,0.24200725131126616
214.34377198998075,0.2422833448592383
214.34377198998075,0.24255943840721042
214.34377198998075,0.24283553195518257
214.34377198998075,0.2431116255031547
214.34377198998075,0.24338771905112686
214.34377198998075,0.24366381259909897
214.34377198998075,0.24393990614707112
214.34377198998075,0.24421599969504326
214.34377198998075,0.2444920932430154
214.34377198998075,0.24476818679098752
214.34377198998075,0.24504428033895967
214.34377198998075,0.24532037388693181
214.34377198998075,0.24559646743490393
214.34377198998075,0.24587256098287608
214.34377198998075,0.24614865453084822
214.34377198998075,0.24642474807882037
214.34377198998075,0.24670084162679248
214.34377198998075,0.24697693517476463
214.34377198998075,0.24725302872273677
214.34377198998075,0.24752912227070892
214.34377198998075,0.24780521581868103
214.34377198998075,0.24808130936665318
214.34377198998075,0.24835740291462532
214.34377198998075,0.24863349646259744
214.34377198998075,0.2489095900105696
214.34377198998075,0.24918568355854173
214.34377198998075,0.24946177710651388
214.34377198998075,0.249737870654486
214.34377198998075,0.25001396420245814
214.34377198998075,0.2502900577504303
214.34377198998075,0.25056615129840243
214.34377198998075,0.2508422448463746
214.34377198998075,0.25111833839434666
214.34377198998075,0.2513944319423188
214.34377198998075,0.25167052549029095
214.34377198998075,0.2519466190382631
214.34377198998075,0.25222271258623524
214.34377198998075,0.2524988061342074
214.34377198998075,0.25277489968217953
214.34377198998075,0.2530509932301516
214.34377198998075,0.25332708677812377
214.34377198998075,0.2536031803260959
214.34377198998075,0.25387927387406806
214.34377198998075,0.2541553674220402
214.34377198998075,0.25443146097001235
214.34377198998075,0.2547075545179845
214.34377198998075,0.25498364806595664
214.34377198998075,0.2552597416139287
214.34377198998075,0.25553583516190087
214.34377198998075,0.255811928709873
214.34377198998075,0.25608802225784516
214.34377198998075,0.2563641158058173
214.34377198998075,0.25664020935378945
214.34377198998075,0.2569163029017616
214.34377198998075,0.2571923964497337
214.34377198998075,0.25746848999770583
214.34377198998075,0.257744583545678
214.34377198998075,0.2580206770936501
214.34377198998075,0.25829677064162226
214.34377198998075,0.2585728641895944
214.34377198998075,0.25884895773756655
214.34377198998075,0.25912505128553864
214.34377198998075,0.2594011448335108
214.34377198998075,0.25967723838148293
214.34377198998075,0.2599533319294551
214.34377198998075,0.2602294254774272
214.34377198998075,0.26050551902539937
214.34377198998075,0.2607816125733715
218.137761610794,0.2610625931122072
218.137761610794,0.26134357365104294
218.137761610794,0.2616245541898786
218.137761610794,0.26190553472871436
218.137761610794,0.26218651526755005
218.137761610794,0.2624674958063858
218.137761610794,0.26274847634522147
218.137761610794,0.2630294568840572
218.137761610794,0.2633104374228929
218.137761610794,0.26359141796172864
218.137761610794,0.2638723985005643
218.137761610794,0.26415337903940006
218.137761610794,0.26443435957823574
218.137761610794,0.2647153401170715
218.137761610794,0.26499632065590717
218.137761610794,0.2652773011947429
218.137761610794,0.2655582817335786
218.137761610794,0.26583926227241433
218.137761610794,0.26612024281125
218.137761610794,0.26640122335008576
218.137761610794,0.26668220388892144
218.137761610794,0.2669631844277572
218.137761610794,0.26724416496659287
218.137761610794,0.2675251455054286
218.137761610794,0.2678061260442643
218.137761610794,0.26808710658310003
218.137761610794,0.2683680871219357
218.137761610794,0.26864906766077146
218.137761610794,0.26893004819960714
218.137761610794,0.2692110287384429
218.137761610794,0.26949200927727857
218.137761610794,0.2697729898161143
218.137761610794,0.27005397035495
218.137761610794,0.27033495089378573
218.137761610794,0.27061593143262147
218.137761610794,0.27089691197145715
218.137761610794,0.2711778925102929
218.137761610794,0.2714588730491286
218.137761610794,0.2717398535879643
218.137761610794,0.2720208341268
218.137761610794,0.27230181466563574
218.137761610794,0.27258279520447143
218.137761610794,0.27286377574330717
218.137761610794,0.27314475628214285
218.137761610794,0.2734257368209786
218.137761610794,0.2737067173598143
218.137761610794,0.27398769789865
218.137761610794,0.2742686784374857
218.137761610794,0.27454965897632144
218.137761610794,0.2748306395151571
218.137761610794,0.27511162005399287
218.137761610794,0.27539260059282855
218.137761610794,0.2756735811316643
218.137761610794,0.2759545616705
218.137761610794,0.2762355422093357
218.137761610794,0.2765165227481714
218.137761610794,0.27679750328700714
218.137761610794,0.2770784838258428
218.137761610794,0.27735946436467857
218.137761610794,0.27764044490351425
218.137761610794,0.27792142544235
218.137761610794,0.2782024059811857
218.137761610794,0.2784833865200214
218.137761610794,0.2787643670588571
218.137761610794,0.27904534759769284
218.137761610794,0.2793263281365285
218.137761610794,0.27960730867536426
218.137761610794,0.27988828921419995
218.137761610794,0.2801692697530357
218.137761610794,0.2804502502918714
218.137761610794,0.2807312308307071
218.137761610794,0.2810122113695428
218.137761610794,0.28129319190837854
218.137761610794,0.2815741724472142
218.137761610794,0.28185515298604996
218.137761610794,0.28213613352488565
218.137761610794,0.2824171140637214
218.137761610794,0.28269809460255707
218.137761610794,0.2829790751413928
218.137761610794,0.28326005568022855
218.137761610794,0.28354103621906424
218.137761610794,0.2838220167579
218.137761610794,0.28410299729673566
218.137761610794,0.2843839778355714
218.137761610794,0.2846649583744071
218.137761610794,0.2849459389132428
218.137761610794,0.2852269194520785
218.137761610794,0.28550789999091425
218.137761610794,0.28578888052974993
218.137761610794,0.2860698610685857
218.137761610794,0.28635084160742136
218.137761610794,0.2866318221462571
218.137761610794,0.2869128026850928
218.137761610794,0.2871937832239285
218.137761610794,0.2874747637627642
218.137761610794,0.28775574430159995
218.137761610794,0.28803672484043563
218.137761610794,0.28831770537927137
218.137761610794,0.28859868591810706
218.137761610794,0.2888796664569428
218.137761610794,0.2891606469957785
218.137761610794,0.2894416275346142
218.137761610794,0.2897226080734499
218.137761610794,0.29000358861228565
218.137761610794,0.29028456915112133
218.137761610794,0.29056554968995707
218.137761610794,0.29084653022879275
218.137761610794,0.2911275107676285
218.137761610794,0.2914084913064642
218.137761610794,0.2916894718452999
218.137761610794,0.2919704523841356
218.137761610794,0.29225143292297134
218.137761610794,0.29253241346180703
218.137761610794,0.29281339400064277
218.137761610794,0.29309437453947845
218.137761610794,0.2933753550783142
218.137761610794,0.2936563356171499
218.137761610794,0.2939373161559856
218.137761610794,0.2942182966948213
218.137761610794,0.29449927723365704
218.137761610794,0.2947802577724927
218.137761610794,0.29506123831132847
218.137761610794,0.29534221885016415
218.137761610794,0.2956231993889999
218.137761610794,0.29590417992783563
218.137761610794,0.2961851604666713
218.137761610794,0.29646614100550706
218.137761610794,0.29674712154434274
218.137761610794,0.2970281020831785
218.137761610794,0.29730908262201416
221.86688236472415,0.2975948665949325
221.86688236472415,0.2978806505678508
221.86688236472415,0.29816643454076913
221.86688236472415,0.2984522185136875
221.86688236472415,0.29873800248660576
221.86688236472415,0.2990237864595241
221.86688236472415,0.29930957043244244
221.86688236472415,0.2995953544053607
221.86688236472415,0.29988113837827907
221.86688236472415,0.30016692235119735
221.86688236472415,0.3004527063241157
221.86688236472415,0.30073849029703403
221.86688236472415,0.3010242742699523
221.86688236472415,0.30131005824287066
221.86688236472415,0.301595842215789
221.86688236472415,0.3018816261887073
221.86688236472415,0.3021674101616256
221.86688236472415,0.3024531941345439
221.86688236472415,0.30273897810746225
221.86688236472415,0.3030247620803806
221.86688236472415,0.3033105460532989
221.86688236472415,0.3035963300262172
221.86688236472415,0.30388211399913556
221.86688236472415,0.30416789797205385
221.86688236472415,0.3044536819449722
221.86688236472415,0.30473946591789053
221.86688236472415,0.3050252498908088
221.86688236472415,0.30531103386372715
221.86688236472415,0.30559681783664544
221.86688236472415,0.3058826018095638
221.86688236472415,0.3061683857824821
221.86688236472415,0.3064541697554004
221.86688236472415,0.30673995372831875
221.86688236472415,0.3070257377012371
221.86688236472415,0.3073115216741554
221.86688236472415,0.3075973056470737
221.86688236472415,0.30788308961999206
221.86688236472415,0.30816887359291034
221.86688236472415,0.3084546575658287
221.86688236472415,0.30874044153874697
221.86688236472415,0.3090262255116653
221.86688236472415,0.30931200948458365
221.86688236472415,0.30959779345750194
221.86688236472415,0.3098835774304203
221.86688236472415,0.3101693614033386
221.86688236472415,0.3104551453762569
221.86688236472415,0.31074092934917524
221.86688236472415,0.3110267133220936
221.86688236472415,0.31131249729501187
221.86688236472415,0.3115982812679302
221.86688236472415,0.3118840652408485
221.86688236472415,0.31216984921376684
221.86688236472415,0.3124556331866852
221.86688236472415,0.31274141715960346
221.86688236472415,0.3130272011325218
221.86688236472415,0.31331298510544014
221.86688236472415,0.31359876907835843
221.86688236472415,0.31388455305127677
221.86688236472415,0.31417033702419506
221.86688236472415,0.3144561209971134
221.86688236472415,0.31474190497003174
221.86688236472415,0.31502768894295
221.86688236472415,0.31531347291586836
221.86688236472415,0.3155992568887867
221.86688236472415,0.315885040861705
221.86688236472415,0.31617082483462333
221.86688236472415,0.3164566088075417
221.86688236472415,0.31674239278045996
221.86688236472415,0.3170281767533783
221.86688236472415,0.3173139607262966
221.86688236472415,0.3175997446992149
221.86688236472415,0.31788552867213327
221.86688236472415,0.31817131264505155
221.86688236472415,0.3184570966179699
221.86688236472415,0.31874288059088823
225.53435201741905,0.31903338858587205
225.53435201741905,0.3193238965808559
225.53435201741905,0.3196144045758398
225.53435201741905,0.31990491257082365
225.53435201741905,0.3201954205658075
225.53435201741905,0.3204859285607914
225.53435201741905,0.3207764365557752
225.53435201741905,0.32106694455075907
225.53435201741905,0.32135745254574294
225.53435201741905,0.3216479605407268
225.53435201741905,0.3219384685357107
225.53435201741905,0.3222289765306945
225.53435201741905,0.32251948452567836
225.53435201741905,0.3228099925206622
225.53435201741905,0.3231005005156461
225.53435201741905,0.32339100851062996
225.53435201741905,0.32368151650561383
225.53435201741905,0.32397202450059764
225.53435201741905,0.3242625324955815
225.53435201741905,0.3245530404905654
225.53435201741905,0.32484354848554925
225.53435201741905,0.3251340564805331
225.53435201741905,0.32542456447551693
225.53435201741905,0.3257150724705008
225.53435201741905,0.32600558046548467
225.53435201741905,0.32629608846046854
225.53435201741905,0.3265865964554524
225.53435201741905,0.3268771044504363
225.53435201741905,0.3271676124454201
225.53435201741905,0.32745812044040395
225.53435201741905,0.3277486284353878
225.53435201741905,0.3280391364303717
225.53435201741905,0.32832964442535556
225.53435201741905,0.3286201524203394
225.53435201741905,0.32891066041532324
225.53435201741905,0.3292011684103071
225.53435201741905,0.329491676405291
225.53435201741905,0.32978218440027485
225.53435201741905,0.33007269239525866
225.53435201741905,0.33036320039024253
225.53435201741905,0.3306537083852264
225.53435201741905,0.33094421638021027
225.53435201741905,0.33123472437519413
225.53435201741905,0.331525232370178
225.53435201741905,0.3318157403651618
225.53435201741905,0.3321062483601457
225.53435201741905,0.33239675635512955
225.53435201741905,0.3326872643501134
225.53435201741905,0.3329777723450973
225.53435201741905,0.3332682803400811
225.53435201741905,0.33355878833506497
225.53435201741905,0.33384929633004884
225.53435201741905,0.3341398043250327
225.53435201741905,0.3344303123200166
225.53435201741905,0.33472082031500044
225.53435201741905,0.33501132830998426
225.53435201741905,0.3353018363049681
225.53435201741905,0.335592344299952
225.53435201741905,0.33588285229493586
225.53435201741905,0.33617336028991973
225.53435201741905,0.33646386828490354
225.53435201741905,0.3367543762798874
225.53435201741905,0.3370448842748713
225.53435201741905,0.33733539226985515
225.53435201741905,0.337625900264839
225.53435201741905,0.3379164082598229
225.53435201741905,0.3382069162548067
225.53435201741905,0.3384974242497905
225.53435201741905,0.3387879322447743
225.53435201741905,0.33907844023975814
225.53435201741905,0.33936894823474195
225.53435201741905,0.33965945622972576
225.53435201741905,0.33994996422470963
225.53435201741905,0.34024047221969345
225.53435201741905,0.34053098021467726
225.53435201741905,0.34082148820966107
225.53435201741905,0.3411119962046449
225.53435201741905,0.3414025041996287
225.53435201741905,0.3416930121946125
225.53435201741905,0.3419835201895964
225.53435201741905,0.3422740281845802
225.53435201741905,0.342564536179564
225.53435201741905,0.3428550441745478
225.53435201741905,0.34314555216953163
225.53435201741905,0.34343606016451544
225.53435201741905,0.34372656815949926
225.53435201741905,0.3440170761544831
225.53435201741905,0.34430758414946694
225.53435201741905,0.34459809214445075
225.53435201741905,0.34488860013943456
225.53435201741905,0.3451791081344184
225.53435201741905,0.3454696161294022
225.53435201741905,0.345760124124386
225.53435201741905,0.34605063211936987
225.53435201741905,0.3463411401143537
225.53435201741905,0.3466316481093375
225.53435201741905,0.3469221561043213
225.53435201741905,0.3472126640993051
225.53435201741905,0.34750317209428894
225.53435201741905,0.34779368008927275
225.53435201741905,0.34808418808425656
225.53435201741905,0.34837469607924043
225.53435201741905,0.34866520407422424
225.53435201741905,0.34895571206920806
225.53435201741905,0.34924622006419187
225.53435201741905,0.3495367280591757
225.53435201741905,0.3498272360541595
225.53435201741905,0.3501177440491433
225.53435201741905,0.3504082520441272
225.53435201741905,0.350698760039111
225.53435201741905,0.3509892680340948
225.53435201741905,0.3512797760290786
225.53435201741905,0.35157028402406243
225.53435201741905,0.35186079201904624
225.53435201741905,0.35215130001403006
225.53435201741905,0.3524418080090139
225.53435201741905,0.35273231600399774
225.53435201741905,0.35302282399898155
225.53435201741905,0.35331333199396536
225.53435201741905,0.3536038399889492
225.53435201741905,0.353894347983933
225.53435201741905,0.3541848559789168
225.53435201741905,0.35447536397390067
225.53435201741905,0.3547658719688845
225.53435201741905,0.3550563799638683
225.53435201741905,0.3553468879588521
225.53435201741905,0.3556373959538359
225.53435201741905,0.35592790394881973
225.53435201741905,0.35621841194380355
225.53435201741905,0.3565089199387874
225.53435201741905,0.35679942793377123
225.53435201741905,0.35708993592875504
225.53435201741905,0.35738044392373886
225.53435201741905,0.35767095191872267
225.53435201741905,0.3579614599137065
225.53435201741905,0.3582519679086903
225.53435201741905,0.35854247590367416
225.53435201741905,0.358832983898658
225.53435201741905,0.3591234918936418
225.53435201741905,0.3594139998886256
225.53435201741905,0.3597045078836094
225.53435201741905,0.3599950158785932
225.53435201741905,0.36028552387357704
225.53435201741905,0.3605760318685609
225.53435201741905,0.3608665398635447
225.53435201741905,0.36115704785852853
225.53435201741905,0.36144755585351235
225.53435201741905,0.36173806384849616
225.53435201741905,0.36202857184348
225.53435201741905,0.3623190798384638
225.53435201741905,0.36260958783344766
225.53435201741905,0.36290009582843147
225.53435201741905,0.3631906038234153
225.53435201741905,0.3634811118183991
225.53435201741905,0.3637716198133829
225.53435201741905,0.3640621278083667
225.53435201741905,0.36435263580335053
229.1431307929431,0.36464779222141075
229.1431307929431,0.3649429486394709
229.1431307929431,0.36523810505753107
229.1431307929431,0.36553326147559123
229.1431307929431,0.3658284178936514
229.1431307929431,0.36612357431171155
229.1431307929431,0.3664187307297717
229.1431307929431,0.3667138871478319
229.1431307929431,0.36700904356589203
229.1431307929431,0.3673041999839522
229.1431307929431,0.36759935640201236
229.1431307929431,0.3678945128200726
229.1431307929431,0.36818966923813273
229.1431307929431,0.3684848256561929
229.1431307929431,0.36877998207425305
229.1431307929431,0.3690751384923132
229.1431307929431,0.3693702949103734
229.1431307929431,0.36966545132843354
229.1431307929431,0.3699606077464937
229.1431307929431,0.37025576416455386
229.1431307929431,0.370550920582614
229.1431307929431,0.3708460770006742
229.1431307929431,0.37114123341873434
229.1431307929431,0.37143638983679456
229.1431307929431,0.3717315462548547
229.1431307929431,0.3720267026729149
229.1431307929431,0.37232185909097504
229.1431307929431,0.3726170155090352
229.1431307929431,0.37291217192709536
229.1431307929431,0.3732073283451555
229.1431307929431,0.3735024847632157
229.1431307929431,0.37379764118127584
229.1431307929431,0.374092797599336
229.1431307929431,0.37438795401739616
229.1431307929431,0.3746831104354564
229.1431307929431,0.37497826685351654
229.1431307929431,0.3752734232715767
229.1431307929431,0.37556857968963686
229.1431307929431,0.375863736107697
229.1431307929431,0.3761588925257572
229.1431307929431,0.37645404894381734
229.1431307929431,0.3767492053618775
229.1431307929431,0.37704436177993766
229.1431307929431,0.3773395181979978
229.1431307929431,0.377634674616058
229.1431307929431,0.3779298310341182
229.1431307929431,0.37822498745217836
229.1431307929431,0.3785201438702385
229.1431307929431,0.3788153002882987
229.1431307929431,0.37911045670635884
229.1431307929431,0.379405613124419
229.1431307929431,0.37970076954247917
229.1431307929431,0.3799959259605393
229.1431307929431,0.3802910823785995
229.1431307929431,0.38058623879665965
229.1431307929431,0.3808813952147198
229.1431307929431,0.38117655163278
229.1431307929431,0.3814717080508402
229.1431307929431,0.38176686446890035
229.1431307929431,0.3820620208869605
229.1431307929431,0.38235717730502067
229.1431307929431,0.38265233372308083
229.1431307929431,0.382947490141141
229.1431307929431,0.38324264655920115
229.1431307929431,0.3835378029772613
229.1431307929431,0.38383295939532147
229.1431307929431,0.38412811581338163
229.1431307929431,0.38442327223144185
229.1431307929431,0.384718428649502
229.1431307929431,0.38501358506756217
229.1431307929431,0.38530874148562233
229.1431307929431,0.3856038979036825
229.1431307929431,0.38589905432174265
229.1431307929431,0.3861942107398028
229.1431307929431,0.386489367157863
229.1431307929431,0.38678452357592313
229.1431307929431,0.3870796799939833
229.1431307929431,0.38737483641204346
229.1431307929431,0.38766999283010367
229.1431307929431,0.38796514924816383
229.1431307929431,0.388260305666224
229.1431307929431,0.38855546208428415
229.1431307929431,0.3888506185023443
229.1431307929431,0.3891457749204045
229.1431307929431,0.38944093133846464
229.1431307929431,0.3897360877565248
229.1431307929431,0.39003124417458496
229.1431307929431,0.3903264005926451
229.1431307929431,0.3906215570107053
229.1431307929431,0.3909167134287655
229.1431307929431,0.39121186984682566
229.1431307929431,0.3915070262648858
229.1431307929431,0.391802182682946
229.1431307929431,0.39209733910100614
229.1431307929431,0.3923924955190663
229.1431307929431,0.39268765193712646
229.1431307929431,0.3929828083551866
229.1431307929431,0.3932779647732468
229.1431307929431,0.39357312119130694
229.1431307929431,0.3938682776093671
229.1431307929431,0.3941634340274273
229.1431307929431,0.3944585904454875
229.1431307929431,0.39475374686354764
229.1431307929431,0.3950489032816078
229.1431307929431,0.39534405969966796
229.1431307929431,0.3956392161177281
229.1431307929431,0.3959343725357883
229.1431307929431,0.39622952895384844
229.1431307929431,0.3965246853719086
229.1431307929431,0.39681984178996876
229.1431307929431,0.3971149982080289
229.1431307929431,0.39741015462608914
229.1431307929431,0.3977053110441493
229.1431307929431,0.39800046746220946
229.1431307929431,0.3982956238802696
229.1431307929431,0.3985907802983298
229.1431307929431,0.39888593671638994
229.1431307929431,0.3991810931344501
229.1431307929431,0.39947624955251027
229.1431307929431,0.3997714059705704
229.1431307929431,0.4000665623886306
229.1431307929431,0.40036171880669075
229.1431307929431,0.40065687522475096
229.1431307929431,0.4009520316428111
229.1431307929431,0.4012471880608713
229.1431307929431,0.40154234447893145
229.1431307929431,0.4018375008969916
229.1431307929431,0.40213265731505177
229.1431307929431,0.4024278137331119
229.1431307929431,0.4027229701511721
229.1431307929431,0.40301812656923225
229.1431307929431,0.4033132829872924
229.1431307929431,0.40360843940535257
229.1431307929431,0.4039035958234128
229.1431307929431,0.40419875224147295
229.1431307929431,0.4044939086595331
229.1431307929431,0.40478906507759327
229.1431307929431,0.40508422149565343
229.1431307929431,0.4053793779137136
229.1431307929431,0.40567453433177375
229.1431307929431,0.4059696907498339
229.1431307929431,0.40626484716789407
229.1431307929431,0.40656000358595423
229.1431307929431,0.4068551600040144
229.1431307929431,0.4071503164220746
229.1431307929431,0.40744547284013477
229.1431307929431,0.40774062925819493
229.1431307929431,0.4080357856762551
229.1431307929431,0.40833094209431525
229.1431307929431,0.4086260985123754
229.1431307929431,0.4089212549304356
229.1431307929431,0.40921641134849573
229.1431307929431,0.4095115677665559
229.1431307929431,0.40980672418461606
229.1431307929431,0.4101018806026762
229.1431307929431,0.41039703702073643
229.1431307929431,0.4106921934387966
229.1431307929431,0.41098734985685675
229.1431307929431,0.4112825062749169
229.1431307929431,0.4115776626929771
229.1431307929431,0.41187281911103724
229.1431307929431,0.4121679755290974
229.1431307929431,0.41246313194715756
229.1431307929431,0.4127582883652177
229.1431307929431,0.4130534447832779
229.1431307929431,0.41334860120133804
229.1431307929431,0.41364375761939826
229.1431307929431,0.4139389140374584
229.1431307929431,0.4142340704555186
229.1431307929431,0.41452922687357874
229.1431307929431,0.4148243832916389
229.1431307929431,0.41511953970969906
229.1431307929431,0.4154146961277592
229.1431307929431,0.4157098525458194
229.1431307929431,0.41600500896387954
229.1431307929431,0.4163001653819397
229.1431307929431,0.41659532179999986
229.1431307929431,0.4168904782180601
232.69594934004883,0.417190210977522
232.69594934004883,0.417489943736984
232.69594934004883,0.41778967649644594
232.69594934004883,0.41808940925590793
232.69594934004883,0.41838914201536986
232.69594934004883,0.41868887477483185
232.69594934004883,0.4189886075342938
232.69594934004883,0.4192883402937558
232.69594934004883,0.4195880730532177
232.69594934004883,0.4198878058126797
232.69594934004883,0.42018753857214164
232.69594934004883,0.42048727133160363
232.69594934004883,0.42078700409106556
232.69594934004883,0.42108673685052755
232.69594934004883,0.4213864696099895
232.69594934004883,0.4216862023694515
232.69594934004883,0.42198593512891347
232.69594934004883,0.4222856678883754
232.69594934004883,0.4225854006478374
232.69594934004883,0.42288513340729933
232.69594934004883,0.4231848661667613
232.69594934004883,0.42348459892622325
232.69594934004883,0.42378433168568524
232.69594934004883,0.4240840644451472
232.69594934004883,0.42438379720460917
232.69594934004883,0.4246835299640711
232.69594934004883,0.4249832627235331
232.69594934004883,0.42528299548299503
232.69594934004883,0.425582728242457
232.69594934004883,0.42588246100191895
232.69594934004883,0.42618219376138095
232.69594934004883,0.4264819265208429
232.69594934004883,0.42678165928030487
232.69594934004883,0.42708139203976686
232.69594934004883,0.4273811247992288
232.69594934004883,0.4276808575586908
232.69594934004883,0.4279805903181527
232.69594934004883,0.4282803230776147
232.69594934004883,0.42858005583707665
232.69594934004883,0.42887978859653864
232.69594934004883,0.42917952135600057
232.69594934004883,0.42947925411546256
232.69594934004883,0.4297789868749245
232.69594934004883,0.4300787196343865
232.69594934004883,0.4303784523938484
232.69594934004883,0.4306781851533104
232.69594934004883,0.43097791791277235
232.69594934004883,0.43127765067223434
232.69594934004883,0.43157738343169627
232.69594934004883,0.43187711619115826
232.69594934004883,0.43217684895062025
232.69594934004883,0.4324765817100822
232.69594934004883,0.4327763144695442
232.69594934004883,0.4330760472290061
232.69594934004883,0.4333757799884681
232.69594934004883,0.43367551274793004
232.69594934004883,0.433975245507392
232.69594934004883,0.43427497826685396
232.69594934004883,0.43457471102631595
232.69594934004883,0.4348744437857779
232.69594934004883,0.4351741765452399
232.69594934004883,0.4354739093047018
232.69594934004883,0.4357736420641638
232.69594934004883,0.43607337482362574
232.69594934004883,0.4363731075830877
232.69594934004883,0.43667284034254966
232.69594934004883,0.43697257310201165
232.69594934004883,0.43727230586147364
232.69594934004883,0.4375720386209356
232.69594934004883,0.43787177138039757
232.69594934004883,0.4381715041398595
232.69594934004883,0.4384712368993215
232.69594934004883,0.4387709696587834
232.69594934004883,0.4390707024182454
232.69594934004883,0.43937043517770735
232.69594934004883,0.43967016793716934
232.69594934004883,0.4399699006966313
232.69594934004883,0.44026963345609327
232.69594934004883,0.4405693662155552
232.69594934004883,0.4408690989750172
232.69594934004883,0.4411688317344791
232.69594934004883,0.4414685644939411
232.69594934004883,0.44176829725340305
236.19533291100677,0.4420725375253383
236.19533291100677,0.4423767777972735
236.19533291100677,0.44268101806920873
236.19533291100677,0.44298525834114394
236.19533291100677,0.4432894986130792
236.19533291100677,0.4435937388850144
236.19533291100677,0.4438979791569496
236.19533291100677,0.4442022194288849
236.19533291100677,0.4445064597008201
236.19533291100677,0.4448106999727553
236.19533291100677,0.4451149402446905
236.19533291100677,0.44541918051662577
236.19533291100677,0.445723420788561
236.19533291100677,0.4460276610604962
236.19533291100677,0.4463319013324314
236.19533291100677,0.44663614160436665
236.19533291100677,0.44694038187630186
236.19533291100677,0.44724462214823707
236.19533291100677,0.4475488624201723
236.19533291100677,0.44785310269210754
236.19533291100677,0.44815734296404275
236.19533291100677,0.44846158323597796
236.19533291100677,0.44876582350791316
236.19533291100677,0.4490700637798484
236.19533291100677,0.44937430405178364
236.19533291100677,0.44967854432371884
236.19533291100677,0.44998278459565405
236.19533291100677,0.4502870248675893
236.19533291100677,0.4505912651395245
236.19533291100677,0.45089550541145973
236.19533291100677,0.45119974568339494
236.19533291100677,0.4515039859553302
236.19533291100677,0.4518082262272654
236.19533291100677,0.4521124664992006
236.19533291100677,0.4524167067711359
236.19533291100677,0.4527209470430711
236.19533291100677,0.4530251873150063
236.19533291100677,0.4533294275869415
236.19533291100677,0.45363366785887677
236.19533291100677,0.453937908130812
236.19533291100677,0.4542421484027472
236.19533291100677,0.4545463886746824
236.19533291100677,0.45485062894661765
236.19533291100677,0.45515486921855286
236.19533291100677,0.45545910949048807
236.19533291100677,0.4557633497624233
236.19533291100677,0.45606759003435854
236.19533291100677,0.45637183030629375
236.19533291100677,0.45667607057822895
236.19533291100677,0.45698031085016416
236.19533291100677,0.4572845511220994
236.19533291100677,0.45758879139403463
236.19533291100677,0.45789303166596984
236.19533291100677,0.45819727193790505
236.19533291100677,0.4585015122098403
236.19533291100677,0.4588057524817755
236.19533291100677,0.4591099927537107
236.19533291100677,0.45941423302564594
236.19533291100677,0.4597184732975812
236.19533291100677,0.4600227135695164
236.19533291100677,0.4603269538414516
236.19533291100677,0.4606311941133869
236.19533291100677,0.4609354343853221
236.19533291100677,0.4612396746572573
236.19533291100677,0.4615439149291925
236.19533291100677,0.46184815520112776
236.19533291100677,0.46215239547306297
236.19533291100677,0.4624566357449982
236.19533291100677,0.4627608760169334
236.19533291100677,0.46306511628886865
236.19533291100677,0.46336935656080386
236.19533291100677,0.46367359683273907
236.19533291100677,0.4639778371046743
236.19533291100677,0.46428207737660954
236.19533291100677,0.46458631764854474
236.19533291100677,0.46489055792047995
236.19533291100677,0.46519479819241516
236.19533291100677,0.4654990384643504
236.19533291100677,0.46580327873628563
236.19533291100677,0.46610751900822084
236.19533291100677,0.46641175928015605
236.19533291100677,0.4667159995520913
236.19533291100677,0.4670202398240265
236.19533291100677,0.4673244800959617
236.19533291100677,0.46762872036789693
236.19533291100677,0.4679329606398322
236.19533291100677,0.4682372009117674
236.19533291100677,0.4685414411837026
236.19533291100677,0.4688456814556379
236.19533291100677,0.4691499217275731
236.19533291100677,0.4694541619995083
236.19533291100677,0.4697584022714435
236.19533291100677,0.47006264254337876
236.19533291100677,0.47036688281531397
236.19533291100677,0.4706711230872492
236.19533291100677,0.4709753633591844
236.19533291100677,0.47127960363111965
236.19533291100677,0.47158384390305486
236.19533291100677,0.47188808417499006
236.19533291100677,0.47219232444692527
236.19533291100677,0.47249656471886053
236.19533291100677,0.47280080499079574
236.19533291100677,0.47310504526273095
236.19533291100677,0.47340928553466616
236.19533291100677,0.4737135258066014
236.19533291100677,0.47401776607853663
236.19533291100677,0.47432200635047184
236.19533291100677,0.47462624662240704
236.19533291100677,0.4749304868943423
236.19533291100677,0.4752347271662775
236.19533291100677,0.4755389674382127
236.19533291100677,0.47584320771014793
236.19533291100677,0.4761474479820832
236.19533291100677,0.4764516882540184
236.19533291100677,0.4767559285259536
236.19533291100677,0.4770601687978889
236.19533291100677,0.4773644090698241
236.19533291100677,0.4776686493417593
236.19533291100677,0.4779728896136945
236.19533291100677,0.47827712988562976
236.19533291100677,0.47858137015756497
236.19533291100677,0.4788856104295002
236.19533291100677,0.4791898507014354
236.19533291100677,0.47949409097337065
236.19533291100677,0.47979833124530585
236.19533291100677,0.48010257151724106
236.19533291100677,0.48040681178917627
236.19533291100677,0.48071105206111153
236.19533291100677,0.48101529233304674
239.64362236165616,0.4813239743037541
239.64362236165616,0.4816326562744615
239.64362236165616,0.4819413382451689
239.64362236165616,0.48225002021587626
239.64362236165616,0.48255870218658364
239.64362236165616,0.4828673841572911
239.64362236165616,0.48317606612799846
239.64362236165616,0.48348474809870584
239.64362236165616,0.4837934300694132
239.64362236165616,0.4841021120401206
239.64362236165616,0.484410794010828
239.64362236165616,0.48471947598153536
239.64362236165616,0.48502815795224274
239.64362236165616,0.4853368399229502
239.64362236165616,0.48564552189365756
239.64362236165616,0.48595420386436494
239.64362236165616,0.4862628858350723
239.64362236165616,0.4865715678057797
239.64362236165616,0.4868802497764871
239.64362236165616,0.48718893174719446
239.64362236165616,0.48749761371790185
239.64362236165616,0.4878062956886092
239.64362236165616,0.48811497765931666
239.64362236165616,0.48842365963002404
239.64362236165616,0.4887323416007314
239.64362236165616,0.4890410235714388
239.64362236165616,0.4893497055421462
239.64362236165616,0.48965838751285357
239.64362236165616,0.48996706948356095
239.64362236165616,0.4902757514542683
239.64362236165616,0.4905844334249757
239.64362236165616,0.49089311539568314
239.64362236165616,0.4912017973663905
239.64362236165616,0.4915104793370979
239.64362236165616,0.4918191613078053
239.64362236165616,0.49212784327851267
239.64362236165616,0.49243652524922005
239.64362236165616,0.49274520721992743
239.64362236165616,0.4930538891906348
239.64362236165616,0.49336257116134224
239.64362236165616,0.4936712531320496
239.64362236165616,0.493979935102757
239.64362236165616,0.4942886170734644
239.64362236165616,0.49459729904417177
239.64362236165616,0.49490598101487915
239.64362236165616,0.49521466298558653
239.64362236165616,0.4955233449562939
239.64362236165616,0.4958320269270013
239.64362236165616,0.4961407088977087
239.64362236165616,0.4964493908684161
239.64362236165616,0.4967580728391235
239.64362236165616,0.49706675480983087
239.64362236165616,0.49737543678053825
239.64362236165616,0.49768411875124563
239.64362236165616,0.497992800721953
239.64362236165616,0.4983014826926604
239.64362236165616,0.4986101646633678
239.64362236165616,0.4989188466340752
239.64362236165616,0.4992275286047826
239.64362236165616,0.49953621057548997
239.64362236165616,0.49984489254619735
239.64362236165616,0.5001535745169048
239.64362236165616,0.5004622564876121
239.64362236165616,0.5007709384583195
239.64362236165616,0.5010796204290269
239.64362236165616,0.5013883023997343
239.64362236165616,0.5016969843704416
239.64362236165616,0.5020056663411491
239.64362236165616,0.5023143483118564
239.64362236165616,0.5026230302825638
239.64362236165616,0.5029317122532713
239.64362236165616,0.5032403942239786
239.64362236165616,0.503549076194686
239.64362236165616,0.5038577581653934
239.64362236165616,0.5041664401361008
239.64362236165616,0.5044751221068081
239.64362236165616,0.5047838040775156
239.64362236165616,0.5050924860482229
239.64362236165616,0.5054011680189303
239.64362236165616,0.5057098499896377
239.64362236165616,0.5060185319603451
239.64362236165616,0.5063272139310525
239.64362236165616,0.5066358959017598
239.64362236165616,0.5069445778724673
239.64362236165616,0.5072532598431746
239.64362236165616,0.507561941813882
239.64362236165616,0.5078706237845895
239.64362236165616,0.5081793057552968
239.64362236165616,0.5084879877260042
239.64362236165616,0.5087966696967116
239.64362236165616,0.509105351667419
239.64362236165616,0.5094140336381263
239.64362236165616,0.5097227156088338
239.64362236165616,0.5100313975795411
239.64362236165616,0.5103400795502485
239.64362236165616,0.510648761520956
239.64362236165616,0.5109574434916633
239.64362236165616,0.5112661254623707
239.64362236165616,0.511574807433078
239.64362236165616,0.5118834894037855
239.64362236165616,0.5121921713744928
239.64362236165616,0.5125008533452002
239.64362236165616,0.5128095353159076
239.64362236165616,0.513118217286615
239.64362236165616,0.5134268992573224
239.64362236165616,0.5137355812280298
239.64362236165616,0.5140442631987372
239.64362236165616,0.5143529451694445
243.04299246900908,0.5146660058265261
243.04299246900908,0.5149790664836077
243.04299246900908,0.5152921271406893
243.04299246900908,0.5156051877977709
243.04299246900908,0.5159182484548525
243.04299246900908,0.516231309111934
243.04299246900908,0.5165443697690155
243.04299246900908,0.5168574304260971
243.04299246900908,0.5171704910831787
243.04299246900908,0.5174835517402603
243.04299246900908,0.5177966123973419
243.04299246900908,0.5181096730544235
243.04299246900908,0.518422733711505
243.04299246900908,0.5187357943685866
243.04299246900908,0.5190488550256681
243.04299246900908,0.5193619156827497
243.04299246900908,0.5196749763398313
243.04299246900908,0.5199880369969129
243.04299246900908,0.5203010976539945
243.04299246900908,0.520614158311076
243.04299246900908,0.5209272189681576
243.04299246900908,0.5212402796252392
243.04299246900908,0.5215533402823207
243.04299246900908,0.5218664009394023
243.04299246900908,0.5221794615964839
243.04299246900908,0.5224925222535655
243.04299246900908,0.522805582910647
243.04299246900908,0.5231186435677286
243.04299246900908,0.5234317042248102
243.04299246900908,0.5237447648818918
243.04299246900908,0.5240578255389733
243.04299246900908,0.5243708861960549
243.04299246900908,0.5246839468531365
243.04299246900908,0.524997007510218
243.04299246900908,0.5253100681672996
243.04299246900908,0.5256231288243812
243.04299246900908,0.5259361894814628
243.04299246900908,0.5262492501385444
243.04299246900908,0.5265623107956259
243.04299246900908,0.5268753714527075
243.04299246900908,0.527188432109789
243.04299246900908,0.5275014927668706
243.04299246900908,0.5278145534239522
243.04299246900908,0.5281276140810338
243.04299246900908,0.5284406747381154
243.04299246900908,0.528753735395197
243.04299246900908,0.5290667960522785
243.04299246900908,0.52937985670936
243.04299246900908,0.5296929173664416
243.04299246900908,0.5300059780235232
243.04299246900908,0.5303190386806048
243.04299246900908,0.5306320993376864
243.04299246900908,0.530945159994768
243.04299246900908,0.5312582206518496
243.04299246900908,0.531571281308931
243.04299246900908,0.5318843419660126
243.04299246900908,0.5321974026230942
243.04299246900908,0.5325104632801758
243.04299246900908,0.5328235239372574
243.04299246900908,0.533136584594339
243.04299246900908,0.5334496452514206
243.04299246900908,0.5337627059085022
243.04299246900908,0.5340757665655836
243.04299246900908,0.5343888272226652
243.04299246900908,0.5347018878797468
243.04299246900908,0.5350149485368284
243.04299246900908,0.53532800919391
243.04299246900908,0.5356410698509916
243.04299246900908,0.5359541305080732
243.04299246900908,0.5362671911651548
243.04299246900908,0.5365802518222362
243.04299246900908,0.5368933124793178
243.04299246900908,0.5372063731363994
243.04299246900908,0.537519433793481
243.04299246900908,0.5378324944505626
243.04299246900908,0.5381455551076442
243.04299246900908,0.5384586157647258
243.04299246900908,0.5387716764218073
243.04299246900908,0.5390847370788889
243.04299246900908,0.5393977977359704
243.04299246900908,0.539710858393052
243.04299246900908,0.5400239190501336
243.04299246900908,0.5403369797072152
243.04299246900908,0.5406500403642968
243.04299246900908,0.5409631010213783
243.04299246900908,0.5412761616784599
243.04299246900908,0.5415892223355415
243.04299246900908,0.541902282992623
243.04299246900908,0.5422153436497046
243.04299246900908,0.5425284043067862
243.04299246900908,0.5428414649638678
243.04299246900908,0.5431545256209493
243.04299246900908,0.5434675862780309
243.04299246900908,0.5437806469351125
243.04299246900908,0.5440937075921941
243.04299246900908,0.5444067682492756
243.04299246900908,0.5447198289063572
243.04299246900908,0.5450328895634388
243.04299246900908,0.5453459502205203
243.04299246900908,0.5456590108776019
243.04299246900908,0.5459720715346835
243.04299246900908,0.5462851321917651
243.04299246900908,0.5465981928488467
243.04299246900908,0.5469112535059282
243.04299246900908,0.5472243141630098
243.04299246900908,0.5475373748200913
243.04299246900908,0.5478504354771729
243.04299246900908,0.5481634961342545
243.04299246900908,0.5484765567913361
243.04299246900908,0.5487896174484177
243.04299246900908,0.5491026781054993
243.04299246900908,0.5494157387625808
243.04299246900908,0.5497287994196624
246.39546797367348,0.5500461783587635
246.39546797367348,0.5503635572978646
246.39546797367348,0.5506809362369657
246.39546797367348,0.5509983151760667
246.39546797367348,0.5513156941151678
246.39546797367348,0.5516330730542689
246.39546797367348,0.5519504519933699
246.39546797367348,0.552267830932471
246.39546797367348,0.5525852098715721
246.39546797367348,0.5529025888106732
246.39546797367348,0.5532199677497742
246.39546797367348,0.5535373466888753
246.39546797367348,0.5538547256279764
246.39546797367348,0.5541721045670776
246.39546797367348,0.5544894835061785
246.39546797367348,0.5548068624452797
246.39546797367348,0.5551242413843808
246.39546797367348,0.5554416203234818
246.39546797367348,0.5557589992625829
246.39546797367348,0.556076378201684
246.39546797367348,0.5563937571407851
246.39546797367348,0.5567111360798861
246.39546797367348,0.5570285150189872
246.39546797367348,0.5573458939580883
246.39546797367348,0.5576632728971894
246.39546797367348,0.5579806518362904
246.39546797367348,0.5582980307753915
246.39546797367348,0.5586154097144926
246.39546797367348,0.5589327886535936
246.39546797367348,0.5592501675926947
246.39546797367348,0.5595675465317959
246.39546797367348,0.559884925470897
246.39546797367348,0.560202304409998
246.39546797367348,0.5605196833490991
246.39546797367348,0.5608370622882002
246.39546797367348,0.5611544412273013
246.39546797367348,0.5614718201664023
246.39546797367348,0.5617891991055034
246.39546797367348,0.5621065780446045
246.39546797367348,0.5624239569837055
246.39546797367348,0.5627413359228066
246.39546797367348,0.5630587148619077
246.39546797367348,0.5633760938010088
246.39546797367348,0.5636934727401098
246.39546797367348,0.564010851679211
246.39546797367348,0.564328230618312
246.39546797367348,0.5646456095574132
246.39546797367348,0.5649629884965142
246.39546797367348,0.5652803674356153
246.39546797367348,0.5655977463747164
246.39546797367348,0.5659151253138174
246.39546797367348,0.5662325042529185
246.39546797367348,0.5665498831920196
246.39546797367348,0.5668672621311207
246.39546797367348,0.5671846410702217
246.39546797367348,0.5675020200093228
246.39546797367348,0.5678193989484239
246.39546797367348,0.568136777887525
246.39546797367348,0.568454156826626
246.39546797367348,0.5687715357657271
246.39546797367348,0.5690889147048283
246.39546797367348,0.5694062936439293
246.39546797367348,0.5697236725830304
246.39546797367348,0.5700410515221315
246.39546797367348,0.5703584304612326
246.39546797367348,0.5706758094003336
246.39546797367348,0.5709931883394347
246.39546797367348,0.5713105672785358
249.70293768324052,0.5716322065282512
249.70293768324052,0.5719538457779667
249.70293768324052,0.5722754850276821
249.70293768324052,0.5725971242773976
249.70293768324052,0.572918763527113
249.70293768324052,0.5732404027768285
249.70293768324052,0.5735620420265439
249.70293768324052,0.5738836812762594
249.70293768324052,0.5742053205259748
249.70293768324052,0.5745269597756903
249.70293768324052,0.5748485990254057
249.70293768324052,0.5751702382751213
249.70293768324052,0.5754918775248367
249.70293768324052,0.5758135167745522
249.70293768324052,0.5761351560242676
249.70293768324052,0.5764567952739831
249.70293768324052,0.5767784345236985
249.70293768324052,0.577100073773414
249.70293768324052,0.5774217130231294
249.70293768324052,0.5777433522728449
249.70293768324052,0.5780649915225603
249.70293768324052,0.5783866307722758
249.70293768324052,0.5787082700219912
249.70293768324052,0.5790299092717067
249.70293768324052,0.5793515485214221
249.70293768324052,0.5796731877711376
249.70293768324052,0.579994827020853
249.70293768324052,0.5803164662705685
249.70293768324052,0.5806381055202839
249.70293768324052,0.5809597447699995
249.70293768324052,0.5812813840197149
249.70293768324052,0.5816030232694304
249.70293768324052,0.5819246625191458
249.70293768324052,0.5822463017688613
249.70293768324052,0.5825679410185767
249.70293768324052,0.5828895802682922
249.70293768324052,0.5832112195180076
249.70293768324052,0.5835328587677231
249.70293768324052,0.5838544980174385
249.70293768324052,0.584176137267154
249.70293768324052,0.5844977765168694
249.70293768324052,0.5848194157665849
249.70293768324052,0.5851410550163003
249.70293768324052,0.5854626942660158
249.70293768324052,0.5857843335157312
249.70293768324052,0.5861059727654467
249.70293768324052,0.5864276120151621
249.70293768324052,0.5867492512648776
249.70293768324052,0.587070890514593
249.70293768324052,0.5873925297643086
249.70293768324052,0.587714169014024
249.70293768324052,0.5880358082637395
249.70293768324052,0.5883574475134549
249.70293768324052,0.5886790867631704
249.70293768324052,0.5890007260128858
249.70293768324052,0.5893223652626013
249.70293768324052,0.5896440045123167
249.70293768324052,0.5899656437620322
249.70293768324052,0.5902872830117476
249.70293768324052,0.5906089222614631
252.96716691561977,0.5909347661242718
252.96716691561977,0.5912606099870803
252.96716691561977,0.591586453849889
252.96716691561977,0.5919122977126976
252.96716691561977,0.5922381415755062
252.96716691561977,0.5925639854383148
252.96716691561977,0.5928898293011234
252.96716691561977,0.5932156731639321
252.96716691561977,0.5935415170267407
252.96716691561977,0.5938673608895493
252.96716691561977,0.5941932047523579
252.96716691561977,0.5945190486151666
252.96716691561977,0.5948448924779752
252.96716691561977,0.5951707363407838
252.96716691561977,0.5954965802035924
252.96716691561977,0.5958224240664011
252.96716691561977,0.5961482679292097
252.96716691561977,0.5964741117920183
252.96716691561977,0.5967999556548269
252.96716691561977,0.5971257995176356
252.96716691561977,0.5974516433804442
252.96716691561977,0.5977774872432529
252.96716691561977,0.5981033311060614
252.96716691561977,0.59842917496887
252.96716691561977,0.5987550188316787
252.96716691561977,0.5990808626944873
252.96716691561977,0.5994067065572959
252.96716691561977,0.5997325504201045
252.96716691561977,0.6000583942829132
252.96716691561977,0.6003842381457218
252.96716691561977,0.6007100820085304
252.96716691561977,0.601035925871339
252.96716691561977,0.6013617697341477
252.96716691561977,0.6016876135969563
252.96716691561977,0.6020134574597649
252.96716691561977,0.6023393013225735
252.96716691561977,0.6026651451853822
252.96716691561977,0.6029909890481908
252.96716691561977,0.6033168329109994
252.96716691561977,0.603642676773808
252.96716691561977,0.6039685206366167
252.96716691561977,0.6042943644994253
252.96716691561977,0.6046202083622338
252.96716691561977,0.6049460522250425
252.96716691561977,0.6052718960878511
252.96716691561977,0.6055977399506598
252.96716691561977,0.6059235838134683
252.96716691561977,0.606249427676277
252.96716691561977,0.6065752715390856
252.96716691561977,0.6069011154018943
252.96716691561977,0.6072269592647028
252.96716691561977,0.6075528031275115
252.96716691561977,0.6078786469903201
252.96716691561977,0.6082044908531288
252.96716691561977,0.6085303347159373
252.96716691561977,0.608856178578746
252.96716691561977,0.6091820224415546
252.96716691561977,0.6095078663043633
252.96716691561977,0.6098337101671719
252.96716691561977,0.6101595540299805
252.96716691561977,0.6104853978927891
252.96716691561977,0.6108112417555978
252.96716691561977,0.6111370856184064
252.96716691561977,0.611462929481215
252.96716691561977,0.6117887733440236
252.96716691561977,0.6121146172068322
252.96716691561977,0.6124404610696409
252.96716691561977,0.6127663049324494
252.96716691561977,0.6130921487952581
256.1898085150731,0.613422143702647
256.1898085150731,0.613752138610036
256.1898085150731,0.6140821335174249
256.1898085150731,0.6144121284248139
256.1898085150731,0.6147421233322028
256.1898085150731,0.6150721182395917
256.1898085150731,0.6154021131469807
256.1898085150731,0.6157321080543696
256.1898085150731,0.6160621029617586
256.1898085150731,0.6163920978691475
256.1898085150731,0.6167220927765364
256.1898085150731,0.6170520876839254
256.1898085150731,0.6173820825913143
256.1898085150731,0.6177120774987033
256.1898085150731,0.6180420724060922
256.1898085150731,0.6183720673134812
256.1898085150731,0.6187020622208701
256.1898085150731,0.619032057128259
256.1898085150731,0.6193620520356479
256.1898085150731,0.6196920469430368
256.1898085150731,0.6200220418504258
256.1898085150731,0.6203520367578147
256.1898085150731,0.6206820316652036
256.1898085150731,0.6210120265725926
256.1898085150731,0.6213420214799815
256.1898085150731,0.6216720163873705
256.1898085150731,0.6220020112947594
256.1898085150731,0.6223320062021483
256.1898085150731,0.6226620011095373
256.1898085150731,0.6229919960169262
256.1898085150731,0.6233219909243152
256.1898085150731,0.6236519858317041
256.1898085150731,0.6239819807390931
256.1898085150731,0.624311975646482
256.1898085150731,0.6246419705538709
256.1898085150731,0.6249719654612599
256.1898085150731,0.6253019603686488
256.1898085150731,0.6256319552760378
256.1898085150731,0.6259619501834267
256.1898085150731,0.6262919450908156
256.1898085150731,0.6266219399982046
256.1898085150731,0.6269519349055935
256.1898085150731,0.6272819298129825
256.1898085150731,0.6276119247203714
256.1898085150731,0.6279419196277604
256.1898085150731,0.6282719145351493
256.1898085150731,0.6286019094425382
256.1898085150731,0.6289319043499272
256.1898085150731,0.6292618992573161
256.1898085150731,0.629591894164705
256.1898085150731,0.6299218890720939
256.1898085150731,0.6302518839794828
256.1898085150731,0.6305818788868718
256.1898085150731,0.6309118737942607
256.1898085150731,0.6312418687016497
256.1898085150731,0.6315718636090386
256.1898085150731,0.6319018585164276
256.1898085150731,0.6322318534238165
256.1898085150731,0.6325618483312054
256.1898085150731,0.6328918432385944
256.1898085150731,0.6332218381459833
256.1898085150731,0.6335518330533723
256.1898085150731,0.6338818279607612
256.1898085150731,0.6342118228681501
256.1898085150731,0.6345418177755391
256.1898085150731,0.634871812682928
256.1898085150731,0.635201807590317
256.1898085150731,0.6355318024977059
256.1898085150731,0.6358617974050949
259.37241263608695,0.6361958917852858
259.37241263608695,0.6365299861654767
259.37241263608695,0.6368640805456677
259.37241263608695,0.6371981749258586
259.37241263608695,0.6375322693060496
259.37241263608695,0.6378663636862405
259.37241263608695,0.6382004580664314
259.37241263608695,0.6385345524466225
259.37241263608695,0.6388686468268134
259.37241263608695,0.6392027412070044
259.37241263608695,0.6395368355871953
259.37241263608695,0.6398709299673863
259.37241263608695,0.6402050243475772
259.37241263608695,0.6405391187277681
259.37241263608695,0.6408732131079591
259.37241263608695,0.64120730748815
259.37241263608695,0.641541401868341
259.37241263608695,0.6418754962485319
259.37241263608695,0.642209590628723
259.37241263608695,0.6425436850089139
259.37241263608695,0.6428777793891048
259.37241263608695,0.6432118737692958
259.37241263608695,0.6435459681494867
259.37241263608695,0.6438800625296777
259.37241263608695,0.6442141569098686
259.37241263608695,0.6445482512900595
259.37241263608695,0.6448823456702505
259.37241263608695,0.6452164400504414
259.37241263608695,0.6455505344306324
259.37241263608695,0.6458846288108234
259.37241263608695,0.6462187231910144
259.37241263608695,0.6465528175712053
259.37241263608695,0.6468869119513962
259.37241263608695,0.6472210063315872
259.37241263608695,0.6475551007117781
259.37241263608695,0.6478891950919691
259.37241263608695,0.64822328947216
259.37241263608695,0.648557383852351
259.37241263608695,0.6488914782325419
259.37241263608695,0.6492255726127328
259.37241263608695,0.6495596669929239
259.37241263608695,0.6498937613731148
259.37241263608695,0.6502278557533058
259.37241263608695,0.6505619501334967
259.37241263608695,0.6508960445136877
259.37241263608695,0.6512301388938786
259.37241263608695,0.6515642332740695
259.37241263608695,0.6518983276542605
259.37241263608695,0.6522324220344514
259.37241263608695,0.6525665164146424
259.37241263608695,0.6529006107948333
259.37241263608695,0.6532347051750244
259.37241263608695,0.6535687995552153
259.37241263608695,0.6539028939354062
259.37241263608695,0.6542369883155972
259.37241263608695,0.6545710826957881
259.37241263608695,0.6549051770759791
262.51643545945706,0.6552433212328822
262.51643545945706,0.6555814653897853
262.51643545945706,0.6559196095466885
262.51643545945706,0.6562577537035916
262.51643545945706,0.6565958978604948
262.51643545945706,0.6569340420173979
262.51643545945706,0.657272186174301
262.51643545945706,0.6576103303312042
262.51643545945706,0.6579484744881073
262.51643545945706,0.6582866186450106
262.51643545945706,0.6586247628019137
262.51643545945706,0.6589629069588169
262.51643545945706,0.65930105111572
262.51643545945706,0.6596391952726232
262.51643545945706,0.6599773394295263
262.51643545945706,0.6603154835864294
262.51643545945706,0.6606536277433326
262.51643545945706,0.6609917719002357
262.51643545945706,0.6613299160571389
262.51643545945706,0.661668060214042
262.51643545945706,0.6620062043709452
262.51643545945706,0.6623443485278483
262.51643545945706,0.6626824926847514
262.51643545945706,0.6630206368416546
262.51643545945706,0.6633587809985577
262.51643545945706,0.6636969251554609
262.51643545945706,0.6640350693123641
262.51643545945706,0.6643732134692673
262.51643545945706,0.6647113576261704
262.51643545945706,0.6650495017830735
262.51643545945706,0.6653876459399767
262.51643545945706,0.6657257900968798
262.51643545945706,0.666063934253783
262.51643545945706,0.6664020784106861
262.51643545945706,0.6667402225675892
262.51643545945706,0.6670783667244924
262.51643545945706,0.6674165108813955
262.51643545945706,0.6677546550382987
262.51643545945706,0.6680927991952018
262.51643545945706,0.668430943352105
262.51643545945706,0.6687690875090081
262.51643545945706,0.6691072316659112
262.51643545945706,0.6694453758228144
262.51643545945706,0.6697835199797176
262.51643545945706,0.6701216641366208
262.51643545945706,0.6704598082935239
262.51643545945706,0.6707979524504271
262.51643545945706,0.6711360966073302
262.51643545945706,0.6714742407642333
262.51643545945706,0.6718123849211365
262.51643545945706,0.6721505290780396
262.51643545945706,0.6724886732349428
262.51643545945706,0.6728268173918459
262.51643545945706,0.673164961548749
262.51643545945706,0.6735031057056522
262.51643545945706,0.6738412498625553
262.51643545945706,0.6741793940194585
262.51643545945706,0.6745175381763616
262.51643545945706,0.6748556823332648
262.51643545945706,0.6751938264901679
262.51643545945706,0.675531970647071
262.51643545945706,0.6758701148039743
265.6232469796535,0.6762122608061727
265.6232469796535,0.6765544068083711
265.6232469796535,0.6768965528105695
265.6232469796535,0.6772386988127679
265.6232469796535,0.6775808448149663
265.6232469796535,0.6779229908171647
265.6232469796535,0.6782651368193631
265.6232469796535,0.6786072828215615
265.6232469796535,0.6789494288237599
265.6232469796535,0.6792915748259583
265.6232469796535,0.6796337208281567
265.6232469796535,0.679975866830355
265.6232469796535,0.6803180128325534
265.6232469796535,0.6806601588347518
265.6232469796535,0.6810023048369502
265.6232469796535,0.6813444508391486
265.6232469796535,0.6816865968413469
265.6232469796535,0.6820287428435453
265.6232469796535,0.6823708888457437
265.6232469796535,0.6827130348479421
265.6232469796535,0.6830551808501405
265.6232469796535,0.6833973268523389
265.6232469796535,0.6837394728545373
265.6232469796535,0.6840816188567357
265.6232469796535,0.6844237648589341
265.6232469796535,0.6847659108611325
265.6232469796535,0.6851080568633309
265.6232469796535,0.6854502028655293
265.6232469796535,0.6857923488677277
265.6232469796535,0.6861344948699261
265.6232469796535,0.6864766408721245
265.6232469796535,0.6868187868743229
265.6232469796535,0.6871609328765212
265.6232469796535,0.6875030788787196
265.6232469796535,0.687845224880918
265.6232469796535,0.6881873708831164
265.6232469796535,0.6885295168853148
265.6232469796535,0.6888716628875132
265.6232469796535,0.6892138088897116
265.6232469796535,0.68955595489191
265.6232469796535,0.6898981008941083
265.6232469796535,0.6902402468963067
265.6232469796535,0.6905823928985051
265.6232469796535,0.6909245389007035
265.6232469796535,0.6912666849029019
265.6232469796535,0.6916088309051003
265.6232469796535,0.6919509769072987
268.69413798162543,0.6922970784860193
268.69413798162543,0.6926431800647399
268.69413798162543,0.6929892816434605
268.69413798162543,0.6933353832221811
268.69413798162543,0.6936814848009017
268.69413798162543,0.6940275863796224
268.69413798162543,0.694373687958343
268.69413798162543,0.6947197895370636
268.69413798162543,0.6950658911157842
268.69413798162543,0.6954119926945048
268.69413798162543,0.6957580942732254
268.69413798162543,0.6961041958519459
268.69413798162543,0.6964502974306666
268.69413798162543,0.6967963990093872
268.69413798162543,0.6971425005881078
268.69413798162543,0.6974886021668284
268.69413798162543,0.697834703745549
268.69413798162543,0.6981808053242696
268.69413798162543,0.6985269069029902
268.69413798162543,0.6988730084817109
268.69413798162543,0.6992191100604315
268.69413798162543,0.6995652116391521
268.69413798162543,0.6999113132178727
268.69413798162543,0.7002574147965933
268.69413798162543,0.7006035163753139
268.69413798162543,0.7009496179540345
268.69413798162543,0.7012957195327552
268.69413798162543,0.7016418211114757
268.69413798162543,0.7019879226901963
268.69413798162543,0.7023340242689169
268.69413798162543,0.7026801258476375
268.69413798162543,0.7030262274263581
268.69413798162543,0.7033723290050787
268.69413798162543,0.7037184305837993
268.69413798162543,0.70406453216252
268.69413798162543,0.7044106337412406
268.69413798162543,0.7047567353199612
268.69413798162543,0.7051028368986818
268.69413798162543,0.7054489384774024
268.69413798162543,0.705795040056123
268.69413798162543,0.7061411416348436
268.69413798162543,0.7064872432135643
268.69413798162543,0.7068333447922849
268.69413798162543,0.7071794463710054
268.69413798162543,0.707525547949726
268.69413798162543,0.7078716495284466
268.69413798162543,0.7082177511071672
268.69413798162543,0.7085638526858878
268.69413798162543,0.7089099542646085
268.69413798162543,0.7092560558433291
268.69413798162543,0.7096021574220497
268.69413798162543,0.7099482590007703
268.69413798162543,0.7102943605794909
268.69413798162543,0.7106404621582115
268.69413798162543,0.7109865637369321
268.69413798162543,0.7113326653156528
268.69413798162543,0.7116787668943734
268.69413798162543,0.712024868473094
268.69413798162543,0.7123709700518146
268.69413798162543,0.7127170716305351
268.69413798162543,0.7130631732092557
268.69413798162543,0.7134092747879763
268.69413798162543,0.713755376366697
268.69413798162543,0.7141014779454176
268.69413798162543,0.7144475795241382
268.69413798162543,0.7147936811028588
268.69413798162543,0.7151397826815794
268.69413798162543,0.7154858842603
268.69413798162543,0.7158319858390206
271.7303263078369,0.7161819982941782
271.7303263078369,0.7165320107493358
271.7303263078369,0.7168820232044935
271.7303263078369,0.717232035659651
271.7303263078369,0.7175820481148086
271.7303263078369,0.7179320605699662
271.7303263078369,0.7182820730251238
271.7303263078369,0.7186320854802813
271.7303263078369,0.718982097935439
271.7303263078369,0.7193321103905965
271.7303263078369,0.7196821228457542
271.7303263078369,0.7200321353009117
271.7303263078369,0.7203821477560693
271.7303263078369,0.720732160211227
271.7303263078369,0.7210821726663845
271.7303263078369,0.7214321851215422
271.7303263078369,0.7217821975766997
271.7303263078369,0.7221322100318573
271.7303263078369,0.7224822224870149
271.7303263078369,0.7228322349421725
271.7303263078369,0.7231822473973301
271.7303263078369,0.7235322598524877
271.7303263078369,0.7238822723076452
271.7303263078369,0.7242322847628029
271.7303263078369,0.7245822972179605
271.7303263078369,0.7249323096731181
271.7303263078369,0.7252823221282757
271.7303263078369,0.7256323345834332
271.7303263078369,0.7259823470385909
271.7303263078369,0.7263323594937484
271.7303263078369,0.7266823719489061
271.7303263078369,0.7270323844040636
271.7303263078369,0.7273823968592212
271.7303263078369,0.7277324093143789
274.7329625018415,0.728086289427889
274.7329625018415,0.7284401695413992
274.7329625018415,0.7287940496549095
274.7329625018415,0.7291479297684197
274.7329625018415,0.7295018098819299
274.7329625018415,0.7298556899954401
274.7329625018415,0.7302095701089504
274.7329625018415,0.7305634502224606
274.7329625018415,0.7309173303359708
274.7329625018415,0.731271210449481
274.7329625018415,0.7316250905629912
274.7329625018415,0.7319789706765014
274.7329625018415,0.7323328507900116
274.7329625018415,0.7326867309035219
274.7329625018415,0.7330406110170321
274.7329625018415,0.7333944911305423
274.7329625018415,0.7337483712440526
274.7329625018415,0.7341022513575628
274.7329625018415,0.734456131471073
274.7329625018415,0.7348100115845831
274.7329625018415,0.7351638916980934
274.7329625018415,0.7355177718116036
274.7329625018415,0.7358716519251138
274.7329625018415,0.7362255320386241
274.7329625018415,0.7365794121521343
274.7329625018415,0.7369332922656445
274.7329625018415,0.7372871723791548
274.7329625018415,0.737641052492665
274.7329625018415,0.7379949326061752
274.7329625018415,0.7383488127196853
274.7329625018415,0.7387026928331956
274.7329625018415,0.7390565729467058
274.7329625018415,0.739410453060216
274.7329625018415,0.7397643331737263
274.7329625018415,0.7401182132872365
274.7329625018415,0.7404720934007467
274.7329625018415,0.7408259735142569
274.7329625018415,0.7411798536277672
274.7329625018415,0.7415337337412773
274.7329625018415,0.7418876138547875
274.7329625018415,0.7422414939682977
274.7329625018415,0.742595374081808
274.7329625018415,0.7429492541953182
274.7329625018415,0.7433031343088284
274.7329625018415,0.7436570144223387
274.7329625018415,0.7440108945358489
274.7329625018415,0.7443647746493591
274.7329625018415,0.7447186547628694
274.7329625018415,0.7450725348763795
274.7329625018415,0.7454264149898897
274.7329625018415,0.7457802951033999
274.7329625018415,0.7461341752169102
274.7329625018415,0.7464880553304204
274.7329625018415,0.7468419354439306
274.7329625018415,0.7471958155574409
274.7329625018415,0.7475496956709511
277.70313490256643,0.7479074016266053
277.70313490256643,0.7482651075822596
277.70313490256643,0.7486228135379139
277.70313490256643,0.7489805194935683
277.70313490256643,0.7493382254492225
277.70313490256643,0.7496959314048768
277.70313490256643,0.7500536373605311
277.70313490256643,0.7504113433161854
277.70313490256643,0.7507690492718396
277.70313490256643,0.751126755227494
277.70313490256643,0.7514844611831483
277.70313490256643,0.7518421671388026
277.70313490256643,0.7521998730944568
277.70313490256643,0.7525575790501111
277.70313490256643,0.7529152850057654
277.70313490256643,0.7532729909614198
277.70313490256643,0.753630696917074
277.70313490256643,0.7539884028727283
277.70313490256643,0.7543461088283826
277.70313490256643,0.7547038147840369
277.70313490256643,0.7550615207396911
277.70313490256643,0.7554192266953454
277.70313490256643,0.7557769326509998
277.70313490256643,0.7561346386066541
277.70313490256643,0.7564923445623083
277.70313490256643,0.7568500505179626
277.70313490256643,0.7572077564736169
277.70313490256643,0.7575654624292713
277.70313490256643,0.7579231683849255
277.70313490256643,0.7582808743405798
277.70313490256643,0.7586385802962341
277.70313490256643,0.7589962862518884
277.70313490256643,0.7593539922075426
277.70313490256643,0.759711698163197
277.70313490256643,0.7600694041188513
277.70313490256643,0.7604271100745056
277.70313490256643,0.7607848160301598
277.70313490256643,0.7611425219858141
277.70313490256643,0.7615002279414684
277.70313490256643,0.7618579338971228
277.70313490256643,0.7622156398527771
277.70313490256643,0.7625733458084313
277.70313490256643,0.7629310517640856
277.70313490256643,0.7632887577197399
277.70313490256643,0.7636464636753942
277.70313490256643,0.7640041696310484
280.6418742532692,0.764365660940326
280.6418742532692,0.7647271522496035
280.6418742532692,0.7650886435588811
280.6418742532692,0.7654501348681585
280.6418742532692,0.765811626177436
280.6418742532692,0.7661731174867136
280.6418742532692,0.7665346087959911
280.6418742532692,0.7668961001052687
280.6418742532692,0.7672575914145461
280.6418742532692,0.7676190827238236
280.6418742532692,0.7679805740331012
280.6418742532692,0.7683420653423787
280.6418742532692,0.7687035566516561
280.6418742532692,0.7690650479609337
280.6418742532692,0.7694265392702112
280.6418742532692,0.7697880305794887
280.6418742532692,0.7701495218887663
280.6418742532692,0.7705110131980437
280.6418742532692,0.7708725045073213
280.6418742532692,0.7712339958165988
280.6418742532692,0.7715954871258763
280.6418742532692,0.7719569784351539
280.6418742532692,0.7723184697444313
280.6418742532692,0.7726799610537088
280.6418742532692,0.7730414523629864
280.6418742532692,0.7734029436722639
280.6418742532692,0.7737644349815413
280.6418742532692,0.7741259262908189
280.6418742532692,0.7744874176000964
280.6418742532692,0.774848908909374
280.6418742532692,0.7752104002186515
280.6418742532692,0.7755718915279289
280.6418742532692,0.7759333828372065
280.6418742532692,0.776294874146484
280.6418742532692,0.7766563654557616
280.6418742532692,0.7770178567650391
280.6418742532692,0.7773793480743165
280.6418742532692,0.7777408393835941
280.6418742532692,0.7781023306928716
280.6418742532692,0.7784638220021491
283.5501578805106,0.778829059435411
283.5501578805106,0.7791942968686729
283.5501578805106,0.7795595343019348
283.5501578805106,0.7799247717351967
283.5501578805106,0.7802900091684586
283.5501578805106,0.7806552466017205
283.5501578805106,0.7810204840349824
283.5501578805106,0.7813857214682443
283.5501578805106,0.7817509589015061
283.5501578805106,0.7821161963347681
283.5501578805106,0.78248143376803
283.5501578805106,0.7828466712012919
283.5501578805106,0.7832119086345538
283.5501578805106,0.7835771460678157
283.5501578805106,0.7839423835010776
283.5501578805106,0.7843076209343395
283.5501578805106,0.7846728583676014
283.5501578805106,0.7850380958008633
283.5501578805106,0.7854033332341251
283.5501578805106,0.785768570667387
283.5501578805106,0.7861338081006489
283.5501578805106,0.7864990455339109
283.5501578805106,0.7868642829671728
283.5501578805106,0.7872295204004347
283.5501578805106,0.7875947578336966
283.5501578805106,0.7879599952669585
283.5501578805106,0.7883252327002204
283.5501578805106,0.7886904701334823
283.5501578805106,0.7890557075667441
283.5501578805106,0.789420945000006
283.5501578805106,0.7897861824332679
283.5501578805106,0.7901514198665298
283.5501578805106,0.7905166572997918
283.5501578805106,0.7908818947330537
283.5501578805106,0.7912471321663156
283.5501578805106,0.7916123695995775
283.5501578805106,0.7919776070328394
283.5501578805106,0.7923428444661013
283.5501578805106,0.7927080818993631
283.5501578805106,0.793073319332625
283.5501578805106,0.7934385567658869
283.5501578805106,0.7938037941991488
283.5501578805106,0.7941690316324107
283.5501578805106,0.7945342690656726
283.5501578805106,0.7948995064989346
286.42891349117883,0.7952684520215098
286.42891349117883,0.795637397544085
286.42891349117883,0.7960063430666602
286.42891349117883,0.7963752885892355
286.42891349117883,0.7967442341118107
286.42891349117883,0.7971131796343859
286.42891349117883,0.7974821251569612
286.42891349117883,0.7978510706795363
286.42891349117883,0.7982200162021116
286.42891349117883,0.7985889617246869
286.42891349117883,0.798957907247262
286.42891349117883,0.7993268527698373
286.42891349117883,0.7996957982924124
286.42891349117883,0.8000647438149877
286.42891349117883,0.800433689337563
286.42891349117883,0.8008026348601381
286.42891349117883,0.8011715803827134
286.42891349117883,0.8015405259052886
286.42891349117883,0.8019094714278638
286.42891349117883,0.8022784169504391
286.42891349117883,0.8026473624730143
286.42891349117883,0.8030163079955895
286.42891349117883,0.8033852535181647
286.42891349117883,0.80375419904074
286.42891349117883,0.8041231445633152
286.42891349117883,0.8044920900858904
286.42891349117883,0.8048610356084657
286.42891349117883,0.8052299811310408
286.42891349117883,0.8055989266536161
286.42891349117883,0.8059678721761914
286.42891349117883,0.8063368176987665
286.42891349117883,0.8067057632213418
286.42891349117883,0.807074708743917
286.42891349117883,0.8074436542664922
286.42891349117883,0.8078125997890675
286.42891349117883,0.8081815453116427
286.42891349117883,0.8085504908342179
286.42891349117883,0.8089194363567931
286.42891349117883,0.8092883818793684
286.42891349117883,0.8096573274019436
286.42891349117883,0.8100262729245188
286.42891349117883,0.8103952184470941
286.42891349117883,0.8107641639696692
286.42891349117883,0.8111331094922445
286.42891349117883,0.8115020550148198
286.42891349117883,0.8118710005373949
286.42891349117883,0.8122399460599702
286.42891349117883,0.8126088915825453
286.42891349117883,0.8129778371051206
289.27902262938454,0.8133504538178441
289.27902262938454,0.8137230705305676
289.27902262938454,0.8140956872432911
289.27902262938454,0.8144683039560144
289.27902262938454,0.8148409206687379
289.27902262938454,0.8152135373814614
289.27902262938454,0.8155861540941849
289.27902262938454,0.8159587708069084
289.27902262938454,0.8163313875196319
289.27902262938454,0.8167040042323553
289.27902262938454,0.8170766209450788
289.27902262938454,0.8174492376578022
289.27902262938454,0.8178218543705257
289.27902262938454,0.8181944710832492
289.27902262938454,0.8185670877959726
289.27902262938454,0.8189397045086961
289.27902262938454,0.8193123212214196
289.27902262938454,0.8196849379341431
289.27902262938454,0.8200575546468666
289.27902262938454,0.82043017135959
289.27902262938454,0.8208027880723134
289.27902262938454,0.8211754047850369
289.27902262938454,0.8215480214977604
289.27902262938454,0.8219206382104839
289.27902262938454,0.8222932549232074
289.27902262938454,0.8226658716359309
289.27902262938454,0.8230384883486543
289.27902262938454,0.8234111050613777
289.27902262938454,0.8237837217741012
289.27902262938454,0.8241563384868247
289.27902262938454,0.8245289551995482
289.27902262938454,0.8249015719122716
289.27902262938454,0.8252741886249951
289.27902262938454,0.8256468053377186
289.27902262938454,0.8260194220504421
289.27902262938454,0.8263920387631655
289.27902262938454,0.826764655475889
289.27902262938454,0.8271372721886124
289.27902262938454,0.8275098889013359
289.27902262938454,0.8278825056140594
289.27902262938454,0.8282551223267829
292.1013238297401,0.8286313744105955
292.1013238297401,0.8290076264944083
292.1013238297401,0.829383878578221
292.1013238297401,0.8297601306620337
292.1013238297401,0.8301363827458464
292.1013238297401,0.8305126348296592
292.1013238297401,0.8308888869134718
292.1013238297401,0.8312651389972846
292.1013238297401,0.8316413910810974
292.1013238297401,0.83201764316491
292.1013238297401,0.8323938952487228
292.1013238297401,0.8327701473325355
292.1013238297401,0.8331463994163482
292.1013238297401,0.8335226515001609
292.1013238297401,0.8338989035839737
292.1013238297401,0.8342751556677863
292.1013238297401,0.8346514077515991
292.1013238297401,0.8350276598354118
292.1013238297401,0.8354039119192245
292.1013238297401,0.8357801640030372
292.1013238297401,0.83615641608685
292.1013238297401,0.8365326681706626
292.1013238297401,0.8369089202544754
292.1013238297401,0.8372851723382881
292.1013238297401,0.8376614244221008
292.1013238297401,0.8380376765059135
292.1013238297401,0.8384139285897263
292.1013238297401,0.8387901806735389
292.1013238297401,0.8391664327573517
292.1013238297401,0.8395426848411645
294.8966154989939,0.8399225375054252
294.8966154989939,0.8403023901696861
294.8966154989939,0.8406822428339469
294.8966154989939,0.8410620954982077
294.8966154989939,0.8414419481624685
294.8966154989939,0.8418218008267293
294.8966154989939,0.8422016534909902
294.8966154989939,0.842581506155251
294.8966154989939,0.8429613588195117
294.8966154989939,0.8433412114837726
294.8966154989939,0.8437210641480334
294.8966154989939,0.8441009168122943
294.8966154989939,0.844480769476555
294.8966154989939,0.8448606221408158
294.8966154989939,0.8452404748050767
294.8966154989939,0.8456203274693375
294.8966154989939,0.8460001801335983
294.8966154989939,0.8463800327978591
294.8966154989939,0.84675988546212
294.8966154989939,0.8471397381263808
294.8966154989939,0.8475195907906415
294.8966154989939,0.8478994434549024
294.8966154989939,0.8482792961191632
294.8966154989939,0.8486591487834241
294.8966154989939,0.8490390014476848
294.8966154989939,0.8494188541119456
294.8966154989939,0.8497987067762065
294.8966154989939,0.8501785594404673
294.8966154989939,0.8505584121047282
294.8966154989939,0.8509382647689889
294.8966154989939,0.8513181174332497
294.8966154989939,0.8516979700975106
294.8966154989939,0.8520778227617714
294.8966154989939,0.8524576754260322
297.66565855408345,0.8528410948602274
297.66565855408345,0.8532245142944225
297.66565855408345,0.8536079337286177
297.66565855408345,0.8539913531628128
297.66565855408345,0.854374772597008
297.66565855408345,0.8547581920312032
297.66565855408345,0.8551416114653982
297.66565855408345,0.8555250308995934
297.66565855408345,0.8559084503337886
297.66565855408345,0.8562918697679838
297.66565855408345,0.856675289202179
297.66565855408345,0.857058708636374
297.66565855408345,0.8574421280705692
297.66565855408345,0.8578255475047644
297.66565855408345,0.8582089669389595
297.66565855408345,0.8585923863731547
297.66565855408345,0.8589758058073498
297.66565855408345,0.859359225241545
297.66565855408345,0.8597426446757401
297.66565855408345,0.8601260641099353
297.66565855408345,0.8605094835441305
297.66565855408345,0.8608929029783257
297.66565855408345,0.8612763224125207
297.66565855408345,0.8616597418467159
297.66565855408345,0.8620431612809111
297.66565855408345,0.8624265807151063
297.66565855408345,0.8628100001493014
297.66565855408345,0.8631934195834965
297.66565855408345,0.8635768390176917
297.66565855408345,0.8639602584518868
297.66565855408345,0.864343677886082
297.66565855408345,0.8647270973202772
297.66565855408345,0.8651105167544723
297.66565855408345,0.8654939361886674
297.66565855408345,0.8658773556228626
297.66565855408345,0.8662607750570578
297.66565855408345,0.866644194491253
297.66565855408345,0.867027613925448
297.66565855408345,0.8674110333596432
297.66565855408345,0.8677944527938384
297.66565855408345,0.8681778722280336
297.66565855408345,0.8685612916622287
297.66565855408345,0.8689447110964239
297.66565855408345,0.869328130530619
297.66565855408345,0.8697115499648141
297.66565855408345,0.8700949693990093
297.66565855408345,0.8704783888332045
297.66565855408345,0.8708618082673997
297.66565855408345,0.8712452277015947
297.66565855408345,0.8716286471357899
297.66565855408345,0.8720120665699851
300.4091788413113,0.8723990198985547
300.4091788413113,0.8727859732271243
300.4091788413113,0.8731729265556939
300.4091788413113,0.8735598798842634
300.4091788413113,0.8739468332128331
300.4091788413113,0.8743337865414026
300.4091788413113,0.8747207398699722
300.4091788413113,0.8751076931985418
300.4091788413113,0.8754946465271114
300.4091788413113,0.875881599855681
300.4091788413113,0.8762685531842506
300.4091788413113,0.8766555065128202
300.4091788413113,0.8770424598413897
300.4091788413113,0.8774294131699594
300.4091788413113,0.8778163664985289
300.4091788413113,0.8782033198270985
300.4091788413113,0.8785902731556681
300.4091788413113,0.8789772264842377
300.4091788413113,0.8793641798128073
303.12786935843707,0.8797546350528331
303.12786935843707,0.880145090292859
303.12786935843707,0.8805355455328848
303.12786935843707,0.8809260007729107
303.12786935843707,0.8813164560129366
303.12786935843707,0.8817069112529624
303.12786935843707,0.8820973664929883
303.12786935843707,0.8824878217330142
303.12786935843707,0.88287827697304
303.12786935843707,0.8832687322130659
303.12786935843707,0.8836591874530917
303.12786935843707,0.8840496426931176
303.12786935843707,0.8844400979331435
303.12786935843707,0.8848305531731693
303.12786935843707,0.8852210084131952
303.12786935843707,0.8856114636532211
303.12786935843707,0.8860019188932469
303.12786935843707,0.8863923741332728
303.12786935843707,0.8867828293732986
303.12786935843707,0.8871732846133245
303.12786935843707,0.8875637398533504
303.12786935843707,0.8879541950933761
303.12786935843707,0.888344650333402
303.12786935843707,0.8887351055734279
303.12786935843707,0.8891255608134537
303.12786935843707,0.8895160160534796
303.12786935843707,0.8899064712935054
303.12786935843707,0.8902969265335313
303.12786935843707,0.8906873817735572
303.12786935843707,0.891077837013583
303.12786935843707,0.8914682922536089
303.12786935843707,0.8918587474936348
303.12786935843707,0.8922492027336606
305.82239229896237,0.8926431287551878
305.82239229896237,0.893037054776715
305.82239229896237,0.8934309807982422
305.82239229896237,0.8938249068197694
305.82239229896237,0.8942188328412966
305.82239229896237,0.8946127588628238
305.82239229896237,0.895006684884351
305.82239229896237,0.8954006109058782
305.82239229896237,0.8957945369274054
305.82239229896237,0.8961884629489326
305.82239229896237,0.8965823889704597
305.82239229896237,0.8969763149919869
305.82239229896237,0.8973702410135141
305.82239229896237,0.8977641670350414
305.82239229896237,0.8981580930565686
305.82239229896237,0.8985520190780958
305.82239229896237,0.898945945099623
305.82239229896237,0.8993398711211501
305.82239229896237,0.8997337971426773
305.82239229896237,0.9001277231642045
305.82239229896237,0.9005216491857317
305.82239229896237,0.900915575207259
305.82239229896237,0.9013095012287862
305.82239229896237,0.9017034272503133
305.82239229896237,0.9020973532718405
305.82239229896237,0.9024912792933677
308.493380935694,0.9028886457821521
308.493380935694,0.9032860122709365
308.493380935694,0.903683378759721
308.493380935694,0.9040807452485055
308.493380935694,0.9044781117372899
308.493380935694,0.9048754782260743
308.493380935694,0.9052728447148588
308.493380935694,0.9056702112036432
308.493380935694,0.9060675776924276
308.493380935694,0.906464944181212
308.493380935694,0.9068623106699965
308.493380935694,0.907259677158781
308.493380935694,0.9076570436475654
308.493380935694,0.9080544101363498
308.493380935694,0.9084517766251342
308.493380935694,0.9088491431139186
308.493380935694,0.9092465096027031
308.493380935694,0.9096438760914876
308.493380935694,0.910041242580272
308.493380935694,0.9104386090690564
308.493380935694,0.9108359755578408
308.493380935694,0.9112333420466253
308.493380935694,0.9116307085354097
308.493380935694,0.9120280750241941
308.493380935694,0.9124254415129786
308.493380935694,0.912822808001763
308.493380935694,0.9132201744905475
308.493380935694,0.9136175409793319
308.493380935694,0.9140149074681163
308.493380935694,0.9144122739569007
308.493380935694,0.9148096404456851
308.493380935694,0.9152070069344697
308.493380935694,0.9156043734232541
308.493380935694,0.9160017399120385
311.14144135876523,0.9164025173345329
311.14144135876523,0.9168032947570275
311.14144135876523,0.9172040721795219
311.14144135876523,0.9176048496020165
311.14144135876523,0.9180056270245109
311.14144135876523,0.9184064044470055
311.14144135876523,0.9188071818695
311.14144135876523,0.9192079592919945
311.14144135876523,0.919608736714489
311.14144135876523,0.9200095141369835
311.14144135876523,0.920410291559478
311.14144135876523,0.9208110689819725
311.14144135876523,0.921211846404467
311.14144135876523,0.9216126238269615
311.14144135876523,0.922013401249456
311.14144135876523,0.9224141786719505
311.14144135876523,0.922814956094445
311.14144135876523,0.9232157335169395
311.14144135876523,0.923616510939434
311.14144135876523,0.9240172883619285
311.14144135876523,0.924418065784423
313.7671540816289,0.9248222253548329
313.7671540816289,0.9252263849252428
313.7671540816289,0.9256305444956527
313.7671540816289,0.9260347040660626
313.7671540816289,0.9264388636364725
313.7671540816289,0.9268430232068825
313.7671540816289,0.9272471827772923
313.7671540816289,0.9276513423477023
313.7671540816289,0.9280555019181123
313.7671540816289,0.9284596614885221
313.7671540816289,0.9288638210589321
313.7671540816289,0.9292679806293419
313.7671540816289,0.9296721401997519
313.7671540816289,0.9300762997701618
313.7671540816289,0.9304804593405717
313.7671540816289,0.9308846189109816
316.371075527077,0.9312921325602334
316.371075527077,0.9316996462094851
316.371075527077,0.9321071598587368
316.371075527077,0.9325146735079887
316.371075527077,0.9329221871572404
316.371075527077,0.9333297008064921
316.371075527077,0.9337372144557439
316.371075527077,0.9341447281049956
316.371075527077,0.9345522417542473
316.371075527077,0.9349597554034991
316.371075527077,0.9353672690527509
316.371075527077,0.9357747827020026
316.371075527077,0.9361822963512544
316.371075527077,0.9365898100005061
316.371075527077,0.9369973236497579
316.371075527077,0.9374048372990096
316.371075527077,0.9378123509482614
316.371075527077,0.9382198645975132
316.371075527077,0.9386273782467649
316.371075527077,0.9390348918960166
316.371075527077,0.9394424055452684
318.9537394040618,0.9398532458917525
318.9537394040618,0.9402640862382364
318.9537394040618,0.9406749265847205
318.9537394040618,0.9410857669312045
318.9537394040618,0.9414966072776886
318.9537394040618,0.9419074476241726
318.9537394040618,0.9423182879706566
318.9537394040618,0.9427291283171406
318.9537394040618,0.9431399686636246
318.9537394040618,0.9435508090101087
318.9537394040618,0.9439616493565927
318.9537394040618,0.9443724897030767
318.9537394040618,0.9447833300495607
318.9537394040618,0.9451941703960448
318.9537394040618,0.9456050107425288
318.9537394040618,0.9460158510890129
318.9537394040618,0.9464266914354968
318.9537394040618,0.9468375317819809
318.9537394040618,0.9472483721284649
318.9537394040618,0.947659212474949
321.5156579849711,0.9480733527969072
321.5156579849711,0.9484874931188655
321.5156579849711,0.9489016334408237
321.5156579849711,0.949315773762782
321.5156579849711,0.9497299140847402
321.5156579849711,0.9501440544066985
321.5156579849711,0.9505581947286567
321.5156579849711,0.950972335050615
321.5156579849711,0.9513864753725731
321.5156579849711,0.9518006156945313
321.5156579849711,0.9522147560164896
321.5156579849711,0.9526288963384478
321.5156579849711,0.9530430366604061
321.5156579849711,0.9534571769823643
321.5156579849711,0.9538713173043226
321.5156579849711,0.9542854576262808
321.5156579849711,0.9546995979482391
321.5156579849711,0.9551137382701973
321.5156579849711,0.9555278785921556
321.5156579849711,0.9559420189141138
321.5156579849711,0.9563561592360721
321.5156579849711,0.9567702995580303
321.5156579849711,0.9571844398799886
321.5156579849711,0.9575985802019468
324.05732329201214,0.958015994411389
324.05732329201214,0.958433408620831
324.05732329201214,0.9588508228302732
324.05732329201214,0.9592682370397154
324.05732329201214,0.9596856512491575
324.05732329201214,0.9601030654585997
324.05732329201214,0.9605204796680419
324.05732329201214,0.960937893877484
326.5792082004891,0.9613585564955245
326.5792082004891,0.9617792191135651
326.5792082004891,0.9621998817316056
326.5792082004891,0.9626205443496462
326.5792082004891,0.9630412069676868
326.5792082004891,0.9634618695857273
326.5792082004891,0.9638825322037679
326.5792082004891,0.9643031948218084
329.08176746597974,0.9647270809553271
329.08176746597974,0.9651509670888457
329.08176746597974,0.9655748532223644
329.08176746597974,0.9659987393558831
329.08176746597974,0.9664226254894017
329.08176746597974,0.9668465116229205
329.08176746597974,0.9672703977564391
329.08176746597974,0.9676942838899577
329.08176746597974,0.9681181700234764
329.08176746597974,0.9685420561569951
329.08176746597974,0.9689659422905137
331.56543868172974,0.9693930276100483
331.56543868172974,0.9698201129295828
331.56543868172974,0.9702471982491174
331.56543868172974,0.9706742835686519
334.030643171974,0.9711045442874429
334.030643171974,0.9715348050062338
334.030643171974,0.9719650657250247
334.030643171974,0.9723953264438157
336.47778682634817,0.9728287392979248
336.47778682634817,0.9732621521520338
336.47778682634817,0.973695565006143
336.47778682634817,0.9741289778602521
336.47778682634817,0.9745623907143612
336.47778682634817,0.9749958035684703
336.47778682634817,0.9754292164225794
336.47778682634817,0.9758626292766885
338.90726088007045,0.976299171506123
343.71469618941467,0.9767419061332132
343.71469618941467,0.9771846407603034
346.0933729880657,0.9776304393314063
348.45581251563465,0.9780792809314947
350.8023428165865,0.9785311450680916
353.1332810360425,0.9789860116572306
355.44893392012773,0.9794438610100614
355.44893392012773,0.9799017103628922
355.44893392012773,0.980359559715723
362.30710174378254,0.9808262429892665
362.30710174378254,0.9812929262628098
366.8079836553848,0.9817654070663886
366.8079836553848,0.9822378878699672
369.0378399608959,0.9827132409237315
373.457612350255,0.9831942870313637
379.9908940637624,0.983683748577949
384.28471277260957,0.9841787409390325
390.6369565462941,0.9846819155463494
513.9783092676519,0.9853439646167235
517.1608679095735,0.9860101131013185
521.8983183015707,0.9866823638368672
523.4679408480355,0.9873566363837046
525.0328709189141,0.9880329246975109
525.0328709189141,0.9887092130113172
526.5931503495198,0.9893875111016608
532.7885770113046,0.9900737894440657
537.3882759632509,0.9907659926015068
538.9127847735938,0.9914601594597939
540.432993110251,0.9921562844795402
541.9489371626992,0.9928543621679742
541.9489371626992,0.9935524398564083
544.9681746589692,0.9942544065871258
549.465925003683,0.9949621668141463
550.9570157370063,0.995671847696603
550.9570157370063,0.9963815285790598
550.9570157370063,0.9970912094615165
561.2837485065384,0.9978141920800716
562.7435266506633,0.9985390550207061
565.6517812988617,0.9992676640479974
568.5451596715293,1.0
